(kicad_pcb (version 20171130) (host pcbnew "(5.0.2)-1")

  (general
    (thickness 1.6)
    (drawings 0)
    (tracks 0)
    (zones 0)
    (modules 39)
    (nets 29)
  )

  (page A4)
  (layers
    (0 F.Cu signal)
    (31 B.Cu signal)
    (32 B.Adhes user)
    (33 F.Adhes user)
    (34 B.Paste user)
    (35 F.Paste user)
    (36 B.SilkS user)
    (37 F.SilkS user)
    (38 B.Mask user)
    (39 F.Mask user)
    (40 Dwgs.User user)
    (41 Cmts.User user)
    (42 Eco1.User user)
    (43 Eco2.User user)
    (44 Edge.Cuts user)
    (45 Margin user)
    (46 B.CrtYd user)
    (47 F.CrtYd user)
    (48 B.Fab user)
    (49 F.Fab user)
  )

  (setup
    (last_trace_width 0.25)
    (trace_clearance 0.2)
    (zone_clearance 0.508)
    (zone_45_only no)
    (trace_min 0.2)
    (segment_width 0.2)
    (edge_width 0.15)
    (via_size 0.8)
    (via_drill 0.4)
    (via_min_size 0.4)
    (via_min_drill 0.3)
    (uvia_size 0.3)
    (uvia_drill 0.1)
    (uvias_allowed no)
    (uvia_min_size 0.2)
    (uvia_min_drill 0.1)
    (pcb_text_width 0.3)
    (pcb_text_size 1.5 1.5)
    (mod_edge_width 0.15)
    (mod_text_size 1 1)
    (mod_text_width 0.15)
    (pad_size 1.524 1.524)
    (pad_drill 0.762)
    (pad_to_mask_clearance 0.051)
    (solder_mask_min_width 0.25)
    (aux_axis_origin 0 0)
    (visible_elements 7FFFFFFF)
    (pcbplotparams
      (layerselection 0x010fc_ffffffff)
      (usegerberextensions false)
      (usegerberattributes false)
      (usegerberadvancedattributes false)
      (creategerberjobfile false)
      (excludeedgelayer true)
      (linewidth 0.050000)
      (plotframeref false)
      (viasonmask false)
      (mode 1)
      (useauxorigin false)
      (hpglpennumber 1)
      (hpglpenspeed 20)
      (hpglpendiameter 15.000000)
      (psnegative false)
      (psa4output false)
      (plotreference true)
      (plotvalue true)
      (plotinvisibletext false)
      (padsonsilk false)
      (subtractmaskfromsilk false)
      (outputformat 1)
      (mirror false)
      (drillshape 1)
      (scaleselection 1)
      (outputdirectory ""))
  )

  (net 0 "")
  (net 1 GND)
  (net 2 +9.0VDC)
  (net 3 VREF)
  (net 4 "Net-(D6-Pad1)")
  (net 5 "Net-(Q1-Pad3)")
  (net 6 "Net-(D6-Pad2)")
  (net 7 "Net-(C7-Pad1)")
  (net 8 "Net-(C5-Pad1)")
  (net 9 "Net-(R3-Pad1)")
  (net 10 "Net-(C2-Pad1)")
  (net 11 "Net-(C3-Pad1)")
  (net 12 "Net-(C4-Pad1)")
  (net 13 "Net-(R5-Pad1)")
  (net 14 "Net-(R6-Pad1)")
  (net 15 "Net-(C6-Pad1)")
  (net 16 "Net-(R12-Pad2)")
  (net 17 "Net-(C4-Pad2)")
  (net 18 "Net-(C8-Pad2)")
  (net 19 "Net-(R14-Pad1)")
  (net 20 "Net-(RV2-Pad3)")
  (net 21 "Net-(D4-Pad1)")
  (net 22 "Net-(D5-Pad2)")
  (net 23 "Net-(RV5-Pad2)")
  (net 24 "Net-(RV1-Pad2)")
  (net 25 "Net-(C3-Pad2)")
  (net 26 "Net-(D4-Pad2)")
  (net 27 "Net-(C6-Pad2)")
  (net 28 "Net-(U3-Pad2)")

  (net_class Default "This is the default net class."
    (clearance 0.2)
    (trace_width 0.25)
    (via_dia 0.8)
    (via_drill 0.4)
    (uvia_dia 0.3)
    (uvia_drill 0.1)
    (add_net +9.0VDC)
    (add_net GND)
    (add_net "Net-(C2-Pad1)")
    (add_net "Net-(C3-Pad1)")
    (add_net "Net-(C3-Pad2)")
    (add_net "Net-(C4-Pad1)")
    (add_net "Net-(C4-Pad2)")
    (add_net "Net-(C5-Pad1)")
    (add_net "Net-(C6-Pad1)")
    (add_net "Net-(C6-Pad2)")
    (add_net "Net-(C7-Pad1)")
    (add_net "Net-(C8-Pad2)")
    (add_net "Net-(D4-Pad1)")
    (add_net "Net-(D4-Pad2)")
    (add_net "Net-(D5-Pad2)")
    (add_net "Net-(D6-Pad1)")
    (add_net "Net-(D6-Pad2)")
    (add_net "Net-(Q1-Pad3)")
    (add_net "Net-(R12-Pad2)")
    (add_net "Net-(R14-Pad1)")
    (add_net "Net-(R3-Pad1)")
    (add_net "Net-(R5-Pad1)")
    (add_net "Net-(R6-Pad1)")
    (add_net "Net-(RV1-Pad2)")
    (add_net "Net-(RV2-Pad3)")
    (add_net "Net-(RV5-Pad2)")
    (add_net "Net-(U3-Pad2)")
    (add_net VREF)
  )

  (module LED_SMD:LED_0805_2012Metric (layer F.Cu) (tedit 5B36C52C) (tstamp 5C90CA26)
    (at 115.57 46.99 270)
    (descr "LED SMD 0805 (2012 Metric), square (rectangular) end terminal, IPC_7351 nominal, (Body size source: https://docs.google.com/spreadsheets/d/1BsfQQcO9C6DZCsRaXUlFlo91Tg2WpOkGARC1WS5S8t0/edit?usp=sharing), generated with kicad-footprint-generator")
    (tags diode)
    (path /5C77C913)
    (attr smd)
    (fp_text reference D2 (at 0 -1.65 270) (layer F.SilkS)
      (effects (font (size 1 1) (thickness 0.15)))
    )
    (fp_text value LED_ALT (at 0 1.65 270) (layer F.Fab)
      (effects (font (size 1 1) (thickness 0.15)))
    )
    (fp_text user %R (at 0 0 270) (layer F.Fab)
      (effects (font (size 0.5 0.5) (thickness 0.08)))
    )
    (fp_line (start 1.68 0.95) (end -1.68 0.95) (layer F.CrtYd) (width 0.05))
    (fp_line (start 1.68 -0.95) (end 1.68 0.95) (layer F.CrtYd) (width 0.05))
    (fp_line (start -1.68 -0.95) (end 1.68 -0.95) (layer F.CrtYd) (width 0.05))
    (fp_line (start -1.68 0.95) (end -1.68 -0.95) (layer F.CrtYd) (width 0.05))
    (fp_line (start -1.685 0.96) (end 1 0.96) (layer F.SilkS) (width 0.12))
    (fp_line (start -1.685 -0.96) (end -1.685 0.96) (layer F.SilkS) (width 0.12))
    (fp_line (start 1 -0.96) (end -1.685 -0.96) (layer F.SilkS) (width 0.12))
    (fp_line (start 1 0.6) (end 1 -0.6) (layer F.Fab) (width 0.1))
    (fp_line (start -1 0.6) (end 1 0.6) (layer F.Fab) (width 0.1))
    (fp_line (start -1 -0.3) (end -1 0.6) (layer F.Fab) (width 0.1))
    (fp_line (start -0.7 -0.6) (end -1 -0.3) (layer F.Fab) (width 0.1))
    (fp_line (start 1 -0.6) (end -0.7 -0.6) (layer F.Fab) (width 0.1))
    (pad 2 smd roundrect (at 0.9375 0 270) (size 0.975 1.4) (layers F.Cu F.Paste F.Mask) (roundrect_rratio 0.25)
      (net 1 GND))
    (pad 1 smd roundrect (at -0.9375 0 270) (size 0.975 1.4) (layers F.Cu F.Paste F.Mask) (roundrect_rratio 0.25)
      (net 11 "Net-(C3-Pad1)"))
    (model ${KISYS3DMOD}/LED_SMD.3dshapes/LED_0805_2012Metric.wrl
      (at (xyz 0 0 0))
      (scale (xyz 1 1 1))
      (rotate (xyz 0 0 0))
    )
  )

  (module LED_SMD:LED_0805_2012Metric (layer F.Cu) (tedit 5B36C52C) (tstamp 5C90CA13)
    (at 113.03 46.99 90)
    (descr "LED SMD 0805 (2012 Metric), square (rectangular) end terminal, IPC_7351 nominal, (Body size source: https://docs.google.com/spreadsheets/d/1BsfQQcO9C6DZCsRaXUlFlo91Tg2WpOkGARC1WS5S8t0/edit?usp=sharing), generated with kicad-footprint-generator")
    (tags diode)
    (path /5C77C95B)
    (attr smd)
    (fp_text reference D3 (at 0 -1.65 90) (layer F.SilkS)
      (effects (font (size 1 1) (thickness 0.15)))
    )
    (fp_text value LED_ALT (at 0 1.65 90) (layer F.Fab)
      (effects (font (size 1 1) (thickness 0.15)))
    )
    (fp_line (start 1 -0.6) (end -0.7 -0.6) (layer F.Fab) (width 0.1))
    (fp_line (start -0.7 -0.6) (end -1 -0.3) (layer F.Fab) (width 0.1))
    (fp_line (start -1 -0.3) (end -1 0.6) (layer F.Fab) (width 0.1))
    (fp_line (start -1 0.6) (end 1 0.6) (layer F.Fab) (width 0.1))
    (fp_line (start 1 0.6) (end 1 -0.6) (layer F.Fab) (width 0.1))
    (fp_line (start 1 -0.96) (end -1.685 -0.96) (layer F.SilkS) (width 0.12))
    (fp_line (start -1.685 -0.96) (end -1.685 0.96) (layer F.SilkS) (width 0.12))
    (fp_line (start -1.685 0.96) (end 1 0.96) (layer F.SilkS) (width 0.12))
    (fp_line (start -1.68 0.95) (end -1.68 -0.95) (layer F.CrtYd) (width 0.05))
    (fp_line (start -1.68 -0.95) (end 1.68 -0.95) (layer F.CrtYd) (width 0.05))
    (fp_line (start 1.68 -0.95) (end 1.68 0.95) (layer F.CrtYd) (width 0.05))
    (fp_line (start 1.68 0.95) (end -1.68 0.95) (layer F.CrtYd) (width 0.05))
    (fp_text user %R (at 0 0 90) (layer F.Fab)
      (effects (font (size 0.5 0.5) (thickness 0.08)))
    )
    (pad 1 smd roundrect (at -0.9375 0 90) (size 0.975 1.4) (layers F.Cu F.Paste F.Mask) (roundrect_rratio 0.25)
      (net 1 GND))
    (pad 2 smd roundrect (at 0.9375 0 90) (size 0.975 1.4) (layers F.Cu F.Paste F.Mask) (roundrect_rratio 0.25)
      (net 11 "Net-(C3-Pad1)"))
    (model ${KISYS3DMOD}/LED_SMD.3dshapes/LED_0805_2012Metric.wrl
      (at (xyz 0 0 0))
      (scale (xyz 1 1 1))
      (rotate (xyz 0 0 0))
    )
  )

  (module Package_SO:SOIC-16_3.9x9.9mm_P1.27mm (layer F.Cu) (tedit 5A02F2D3) (tstamp 5C90CA00)
    (at 209.55 113.03)
    (descr "16-Lead Plastic Small Outline (SL) - Narrow, 3.90 mm Body [SOIC] (see Microchip Packaging Specification 00000049BS.pdf)")
    (tags "SOIC 1.27")
    (path /5C77F605)
    (attr smd)
    (fp_text reference U3 (at 0 -6) (layer F.SilkS)
      (effects (font (size 1 1) (thickness 0.15)))
    )
    (fp_text value LM13700 (at 0 6) (layer F.Fab)
      (effects (font (size 1 1) (thickness 0.15)))
    )
    (fp_text user %R (at 0 0) (layer F.Fab)
      (effects (font (size 0.9 0.9) (thickness 0.135)))
    )
    (fp_line (start -0.95 -4.95) (end 1.95 -4.95) (layer F.Fab) (width 0.15))
    (fp_line (start 1.95 -4.95) (end 1.95 4.95) (layer F.Fab) (width 0.15))
    (fp_line (start 1.95 4.95) (end -1.95 4.95) (layer F.Fab) (width 0.15))
    (fp_line (start -1.95 4.95) (end -1.95 -3.95) (layer F.Fab) (width 0.15))
    (fp_line (start -1.95 -3.95) (end -0.95 -4.95) (layer F.Fab) (width 0.15))
    (fp_line (start -3.7 -5.25) (end -3.7 5.25) (layer F.CrtYd) (width 0.05))
    (fp_line (start 3.7 -5.25) (end 3.7 5.25) (layer F.CrtYd) (width 0.05))
    (fp_line (start -3.7 -5.25) (end 3.7 -5.25) (layer F.CrtYd) (width 0.05))
    (fp_line (start -3.7 5.25) (end 3.7 5.25) (layer F.CrtYd) (width 0.05))
    (fp_line (start -2.075 -5.075) (end -2.075 -5.05) (layer F.SilkS) (width 0.15))
    (fp_line (start 2.075 -5.075) (end 2.075 -4.97) (layer F.SilkS) (width 0.15))
    (fp_line (start 2.075 5.075) (end 2.075 4.97) (layer F.SilkS) (width 0.15))
    (fp_line (start -2.075 5.075) (end -2.075 4.97) (layer F.SilkS) (width 0.15))
    (fp_line (start -2.075 -5.075) (end 2.075 -5.075) (layer F.SilkS) (width 0.15))
    (fp_line (start -2.075 5.075) (end 2.075 5.075) (layer F.SilkS) (width 0.15))
    (fp_line (start -2.075 -5.05) (end -3.45 -5.05) (layer F.SilkS) (width 0.15))
    (pad 1 smd rect (at -2.7 -4.445) (size 1.5 0.6) (layers F.Cu F.Paste F.Mask)
      (net 5 "Net-(Q1-Pad3)"))
    (pad 2 smd rect (at -2.7 -3.175) (size 1.5 0.6) (layers F.Cu F.Paste F.Mask)
      (net 28 "Net-(U3-Pad2)"))
    (pad 3 smd rect (at -2.7 -1.905) (size 1.5 0.6) (layers F.Cu F.Paste F.Mask)
      (net 16 "Net-(R12-Pad2)"))
    (pad 4 smd rect (at -2.7 -0.635) (size 1.5 0.6) (layers F.Cu F.Paste F.Mask)
      (net 3 VREF))
    (pad 5 smd rect (at -2.7 0.635) (size 1.5 0.6) (layers F.Cu F.Paste F.Mask)
      (net 3 VREF))
    (pad 6 smd rect (at -2.7 1.905) (size 1.5 0.6) (layers F.Cu F.Paste F.Mask))
    (pad 7 smd rect (at -2.7 3.175) (size 1.5 0.6) (layers F.Cu F.Paste F.Mask))
    (pad 8 smd rect (at -2.7 4.445) (size 1.5 0.6) (layers F.Cu F.Paste F.Mask))
    (pad 9 smd rect (at 2.7 4.445) (size 1.5 0.6) (layers F.Cu F.Paste F.Mask))
    (pad 10 smd rect (at 2.7 3.175) (size 1.5 0.6) (layers F.Cu F.Paste F.Mask))
    (pad 11 smd rect (at 2.7 1.905) (size 1.5 0.6) (layers F.Cu F.Paste F.Mask))
    (pad 12 smd rect (at 2.7 0.635) (size 1.5 0.6) (layers F.Cu F.Paste F.Mask))
    (pad 13 smd rect (at 2.7 -0.635) (size 1.5 0.6) (layers F.Cu F.Paste F.Mask))
    (pad 14 smd rect (at 2.7 -1.905) (size 1.5 0.6) (layers F.Cu F.Paste F.Mask))
    (pad 15 smd rect (at 2.7 -3.175) (size 1.5 0.6) (layers F.Cu F.Paste F.Mask))
    (pad 16 smd rect (at 2.7 -4.445) (size 1.5 0.6) (layers F.Cu F.Paste F.Mask))
    (model ${KISYS3DMOD}/Package_SO.3dshapes/SOIC-16_3.9x9.9mm_P1.27mm.wrl
      (at (xyz 0 0 0))
      (scale (xyz 1 1 1))
      (rotate (xyz 0 0 0))
    )
  )

  (module SA_Capacitors_SMD:C_0603_1608M (layer F.Cu) (tedit 5C29EFC9) (tstamp 5C90C9DB)
    (at 119.38 43.18)
    (path /5C77C99E)
    (attr smd)
    (fp_text reference C3 (at 0 -1.1) (layer F.SilkS)
      (effects (font (size 0.6 0.6) (thickness 0.127)))
    )
    (fp_text value 10n (at 0 1) (layer F.Fab)
      (effects (font (size 0.3 0.3) (thickness 0.03)))
    )
    (fp_text user %R (at 0 0) (layer F.Fab)
      (effects (font (size 0.4 0.4) (thickness 0.05)))
    )
    (fp_line (start 1.48 0.73) (end -1.48 0.73) (layer F.CrtYd) (width 0.05))
    (fp_line (start 1.48 -0.73) (end 1.48 0.73) (layer F.CrtYd) (width 0.05))
    (fp_line (start -1.48 -0.73) (end 1.48 -0.73) (layer F.CrtYd) (width 0.05))
    (fp_line (start -1.48 0.73) (end -1.48 -0.73) (layer F.CrtYd) (width 0.05))
    (fp_line (start -0.162779 0.51) (end 0.162779 0.51) (layer F.SilkS) (width 0.12))
    (fp_line (start -0.162779 -0.51) (end 0.162779 -0.51) (layer F.SilkS) (width 0.12))
    (fp_line (start 0.8 0.4) (end -0.8 0.4) (layer F.Fab) (width 0.1))
    (fp_line (start 0.8 -0.4) (end 0.8 0.4) (layer F.Fab) (width 0.1))
    (fp_line (start -0.8 -0.4) (end 0.8 -0.4) (layer F.Fab) (width 0.1))
    (fp_line (start -0.8 0.4) (end -0.8 -0.4) (layer F.Fab) (width 0.1))
    (pad 2 smd roundrect (at 0.7875 0) (size 0.875 0.95) (layers F.Cu F.Paste F.Mask) (roundrect_rratio 0.25)
      (net 25 "Net-(C3-Pad2)"))
    (pad 1 smd roundrect (at -0.7875 0) (size 0.875 0.95) (layers F.Cu F.Paste F.Mask) (roundrect_rratio 0.25)
      (net 11 "Net-(C3-Pad1)"))
    (model ${SA_LIB_3DSHAPES}/Packages/C_0603_1608Metric.step
      (at (xyz 0 0 0))
      (scale (xyz 1 1 1))
      (rotate (xyz 0 0 0))
    )
  )

  (module SA_Capacitors_SMD:C_0603_1608M (layer F.Cu) (tedit 5C29EFC9) (tstamp 5C90C9CA)
    (at 123.19 43.18)
    (path /5C77CA9B)
    (attr smd)
    (fp_text reference C4 (at 0 -1.1) (layer F.SilkS)
      (effects (font (size 0.6 0.6) (thickness 0.127)))
    )
    (fp_text value 100p (at 0 1) (layer F.Fab)
      (effects (font (size 0.3 0.3) (thickness 0.03)))
    )
    (fp_line (start -0.8 0.4) (end -0.8 -0.4) (layer F.Fab) (width 0.1))
    (fp_line (start -0.8 -0.4) (end 0.8 -0.4) (layer F.Fab) (width 0.1))
    (fp_line (start 0.8 -0.4) (end 0.8 0.4) (layer F.Fab) (width 0.1))
    (fp_line (start 0.8 0.4) (end -0.8 0.4) (layer F.Fab) (width 0.1))
    (fp_line (start -0.162779 -0.51) (end 0.162779 -0.51) (layer F.SilkS) (width 0.12))
    (fp_line (start -0.162779 0.51) (end 0.162779 0.51) (layer F.SilkS) (width 0.12))
    (fp_line (start -1.48 0.73) (end -1.48 -0.73) (layer F.CrtYd) (width 0.05))
    (fp_line (start -1.48 -0.73) (end 1.48 -0.73) (layer F.CrtYd) (width 0.05))
    (fp_line (start 1.48 -0.73) (end 1.48 0.73) (layer F.CrtYd) (width 0.05))
    (fp_line (start 1.48 0.73) (end -1.48 0.73) (layer F.CrtYd) (width 0.05))
    (fp_text user %R (at 0 0) (layer F.Fab)
      (effects (font (size 0.4 0.4) (thickness 0.05)))
    )
    (pad 1 smd roundrect (at -0.7875 0) (size 0.875 0.95) (layers F.Cu F.Paste F.Mask) (roundrect_rratio 0.25)
      (net 12 "Net-(C4-Pad1)"))
    (pad 2 smd roundrect (at 0.7875 0) (size 0.875 0.95) (layers F.Cu F.Paste F.Mask) (roundrect_rratio 0.25)
      (net 17 "Net-(C4-Pad2)"))
    (model ${SA_LIB_3DSHAPES}/Packages/C_0603_1608Metric.step
      (at (xyz 0 0 0))
      (scale (xyz 1 1 1))
      (rotate (xyz 0 0 0))
    )
  )

  (module SA_Capacitors_SMD:C_0603_1608M (layer F.Cu) (tedit 5C29EFC9) (tstamp 5C90C9B9)
    (at 186.245001 102.635001)
    (path /5C77D2F5)
    (attr smd)
    (fp_text reference C6 (at 0 -1.1) (layer F.SilkS)
      (effects (font (size 0.6 0.6) (thickness 0.127)))
    )
    (fp_text value 100p (at 0 1) (layer F.Fab)
      (effects (font (size 0.3 0.3) (thickness 0.03)))
    )
    (fp_text user %R (at 0 0) (layer F.Fab)
      (effects (font (size 0.4 0.4) (thickness 0.05)))
    )
    (fp_line (start 1.48 0.73) (end -1.48 0.73) (layer F.CrtYd) (width 0.05))
    (fp_line (start 1.48 -0.73) (end 1.48 0.73) (layer F.CrtYd) (width 0.05))
    (fp_line (start -1.48 -0.73) (end 1.48 -0.73) (layer F.CrtYd) (width 0.05))
    (fp_line (start -1.48 0.73) (end -1.48 -0.73) (layer F.CrtYd) (width 0.05))
    (fp_line (start -0.162779 0.51) (end 0.162779 0.51) (layer F.SilkS) (width 0.12))
    (fp_line (start -0.162779 -0.51) (end 0.162779 -0.51) (layer F.SilkS) (width 0.12))
    (fp_line (start 0.8 0.4) (end -0.8 0.4) (layer F.Fab) (width 0.1))
    (fp_line (start 0.8 -0.4) (end 0.8 0.4) (layer F.Fab) (width 0.1))
    (fp_line (start -0.8 -0.4) (end 0.8 -0.4) (layer F.Fab) (width 0.1))
    (fp_line (start -0.8 0.4) (end -0.8 -0.4) (layer F.Fab) (width 0.1))
    (pad 2 smd roundrect (at 0.7875 0) (size 0.875 0.95) (layers F.Cu F.Paste F.Mask) (roundrect_rratio 0.25)
      (net 27 "Net-(C6-Pad2)"))
    (pad 1 smd roundrect (at -0.7875 0) (size 0.875 0.95) (layers F.Cu F.Paste F.Mask) (roundrect_rratio 0.25)
      (net 15 "Net-(C6-Pad1)"))
    (model ${SA_LIB_3DSHAPES}/Packages/C_0603_1608Metric.step
      (at (xyz 0 0 0))
      (scale (xyz 1 1 1))
      (rotate (xyz 0 0 0))
    )
  )

  (module SA_Capacitors_SMD:C_0603_1608M (layer F.Cu) (tedit 5C29EFC9) (tstamp 5C90C9A8)
    (at 183.235001 102.635001)
    (path /5C7B2C9C)
    (attr smd)
    (fp_text reference C2 (at 0 -1.1) (layer F.SilkS)
      (effects (font (size 0.6 0.6) (thickness 0.127)))
    )
    (fp_text value 100n (at 0 1) (layer F.Fab)
      (effects (font (size 0.3 0.3) (thickness 0.03)))
    )
    (fp_line (start -0.8 0.4) (end -0.8 -0.4) (layer F.Fab) (width 0.1))
    (fp_line (start -0.8 -0.4) (end 0.8 -0.4) (layer F.Fab) (width 0.1))
    (fp_line (start 0.8 -0.4) (end 0.8 0.4) (layer F.Fab) (width 0.1))
    (fp_line (start 0.8 0.4) (end -0.8 0.4) (layer F.Fab) (width 0.1))
    (fp_line (start -0.162779 -0.51) (end 0.162779 -0.51) (layer F.SilkS) (width 0.12))
    (fp_line (start -0.162779 0.51) (end 0.162779 0.51) (layer F.SilkS) (width 0.12))
    (fp_line (start -1.48 0.73) (end -1.48 -0.73) (layer F.CrtYd) (width 0.05))
    (fp_line (start -1.48 -0.73) (end 1.48 -0.73) (layer F.CrtYd) (width 0.05))
    (fp_line (start 1.48 -0.73) (end 1.48 0.73) (layer F.CrtYd) (width 0.05))
    (fp_line (start 1.48 0.73) (end -1.48 0.73) (layer F.CrtYd) (width 0.05))
    (fp_text user %R (at 0 0) (layer F.Fab)
      (effects (font (size 0.4 0.4) (thickness 0.05)))
    )
    (pad 1 smd roundrect (at -0.7875 0) (size 0.875 0.95) (layers F.Cu F.Paste F.Mask) (roundrect_rratio 0.25)
      (net 10 "Net-(C2-Pad1)"))
    (pad 2 smd roundrect (at 0.7875 0) (size 0.875 0.95) (layers F.Cu F.Paste F.Mask) (roundrect_rratio 0.25)
      (net 1 GND))
    (model ${SA_LIB_3DSHAPES}/Packages/C_0603_1608Metric.step
      (at (xyz 0 0 0))
      (scale (xyz 1 1 1))
      (rotate (xyz 0 0 0))
    )
  )

  (module SA_Capacitors_SMD:Nichicon_UWT1H010MCL1GB_1.0uF_50V_4.0x5.4mm (layer F.Cu) (tedit 5C25616E) (tstamp 5C90C997)
    (at 86.36 68.58 270)
    (descr "SMD capacitor, aluminum electrolytic, Panasonic A5 / Nichicon, 4.0x5.4mm")
    (tags "capacitor electrolytic")
    (path /5C78F9CB)
    (attr smd)
    (fp_text reference C5 (at 0 -2.8 270) (layer F.SilkS)
      (effects (font (size 0.6 0.6) (thickness 0.127)))
    )
    (fp_text value 1u (at 0 2.7 270) (layer F.Fab)
      (effects (font (size 0.3 0.3) (thickness 0.03)))
    )
    (fp_text user %R (at 0 0 270) (layer F.Fab)
      (effects (font (size 0.4 0.4) (thickness 0.05)))
    )
    (fp_line (start -3.35 1.05) (end -2.4 1.05) (layer F.CrtYd) (width 0.05))
    (fp_line (start -3.35 -1.05) (end -3.35 1.05) (layer F.CrtYd) (width 0.05))
    (fp_line (start -2.4 -1.05) (end -3.35 -1.05) (layer F.CrtYd) (width 0.05))
    (fp_line (start -2.4 1.05) (end -2.4 1.25) (layer F.CrtYd) (width 0.05))
    (fp_line (start -2.4 -1.25) (end -2.4 -1.05) (layer F.CrtYd) (width 0.05))
    (fp_line (start -2.4 -1.25) (end -1.25 -2.4) (layer F.CrtYd) (width 0.05))
    (fp_line (start -2.4 1.25) (end -1.25 2.4) (layer F.CrtYd) (width 0.05))
    (fp_line (start -1.25 -2.4) (end 2.4 -2.4) (layer F.CrtYd) (width 0.05))
    (fp_line (start -1.25 2.4) (end 2.4 2.4) (layer F.CrtYd) (width 0.05))
    (fp_line (start 2.4 1.05) (end 2.4 2.4) (layer F.CrtYd) (width 0.05))
    (fp_line (start 3.35 1.05) (end 2.4 1.05) (layer F.CrtYd) (width 0.05))
    (fp_line (start 3.35 -1.05) (end 3.35 1.05) (layer F.CrtYd) (width 0.05))
    (fp_line (start 2.4 -1.05) (end 3.35 -1.05) (layer F.CrtYd) (width 0.05))
    (fp_line (start 2.4 -2.4) (end 2.4 -1.05) (layer F.CrtYd) (width 0.05))
    (fp_line (start -2.26 1.195563) (end -1.195563 2.26) (layer F.SilkS) (width 0.12))
    (fp_line (start -2.26 -1.195563) (end -1.195563 -2.26) (layer F.SilkS) (width 0.12))
    (fp_line (start -2.26 -1.195563) (end -2.26 -1.06) (layer F.SilkS) (width 0.12))
    (fp_line (start -2.26 1.195563) (end -2.26 1.06) (layer F.SilkS) (width 0.12))
    (fp_line (start -1.195563 2.26) (end 2.26 2.26) (layer F.SilkS) (width 0.12))
    (fp_line (start -1.195563 -2.26) (end 2.26 -2.26) (layer F.SilkS) (width 0.12))
    (fp_line (start 2.26 -2.26) (end 2.26 -1.06) (layer F.SilkS) (width 0.12))
    (fp_line (start 2.26 2.26) (end 2.26 1.06) (layer F.SilkS) (width 0.12))
    (fp_line (start -1.374773 -1.2) (end -1.374773 -0.8) (layer F.Fab) (width 0.1))
    (fp_line (start -1.574773 -1) (end -1.174773 -1) (layer F.Fab) (width 0.1))
    (fp_line (start -2.15 1.15) (end -1.15 2.15) (layer F.Fab) (width 0.1))
    (fp_line (start -2.15 -1.15) (end -1.15 -2.15) (layer F.Fab) (width 0.1))
    (fp_line (start -2.15 -1.15) (end -2.15 1.15) (layer F.Fab) (width 0.1))
    (fp_line (start -1.15 2.15) (end 2.15 2.15) (layer F.Fab) (width 0.1))
    (fp_line (start -1.15 -2.15) (end 2.15 -2.15) (layer F.Fab) (width 0.1))
    (fp_line (start 2.15 -2.15) (end 2.15 2.15) (layer F.Fab) (width 0.1))
    (fp_circle (center 0 0) (end 2 0) (layer F.Fab) (width 0.1))
    (pad 2 smd roundrect (at 1.8 0 270) (size 2.6 1.6) (layers F.Cu F.Paste F.Mask) (roundrect_rratio 0.15625)
      (net 1 GND))
    (pad 1 smd roundrect (at -1.8 0 270) (size 2.6 1.6) (layers F.Cu F.Paste F.Mask) (roundrect_rratio 0.15625)
      (net 8 "Net-(C5-Pad1)"))
    (model ${SA_LIB_3DSHAPES}/Nichicon_UWT1H010MCL1GB_1.0uF_50V_4.0x5.4mm/Nichicon_UWT1H010MCL1GB_1.0uF_50V_4.0x5.4mm.step
      (at (xyz 0 0 0))
      (scale (xyz 1 1 1))
      (rotate (xyz 0 0 0))
    )
  )

  (module SA_Capacitors_SMD:Nichicon_UWT1H010MCL1GB_1.0uF_50V_4.0x5.4mm (layer F.Cu) (tedit 5C25616E) (tstamp 5C90C971)
    (at 128.27 49.53 270)
    (descr "SMD capacitor, aluminum electrolytic, Panasonic A5 / Nichicon, 4.0x5.4mm")
    (tags "capacitor electrolytic")
    (path /5C7920A0)
    (attr smd)
    (fp_text reference C7 (at 0 -2.8 270) (layer F.SilkS)
      (effects (font (size 0.6 0.6) (thickness 0.127)))
    )
    (fp_text value 1u (at 0 2.7 270) (layer F.Fab)
      (effects (font (size 0.3 0.3) (thickness 0.03)))
    )
    (fp_circle (center 0 0) (end 2 0) (layer F.Fab) (width 0.1))
    (fp_line (start 2.15 -2.15) (end 2.15 2.15) (layer F.Fab) (width 0.1))
    (fp_line (start -1.15 -2.15) (end 2.15 -2.15) (layer F.Fab) (width 0.1))
    (fp_line (start -1.15 2.15) (end 2.15 2.15) (layer F.Fab) (width 0.1))
    (fp_line (start -2.15 -1.15) (end -2.15 1.15) (layer F.Fab) (width 0.1))
    (fp_line (start -2.15 -1.15) (end -1.15 -2.15) (layer F.Fab) (width 0.1))
    (fp_line (start -2.15 1.15) (end -1.15 2.15) (layer F.Fab) (width 0.1))
    (fp_line (start -1.574773 -1) (end -1.174773 -1) (layer F.Fab) (width 0.1))
    (fp_line (start -1.374773 -1.2) (end -1.374773 -0.8) (layer F.Fab) (width 0.1))
    (fp_line (start 2.26 2.26) (end 2.26 1.06) (layer F.SilkS) (width 0.12))
    (fp_line (start 2.26 -2.26) (end 2.26 -1.06) (layer F.SilkS) (width 0.12))
    (fp_line (start -1.195563 -2.26) (end 2.26 -2.26) (layer F.SilkS) (width 0.12))
    (fp_line (start -1.195563 2.26) (end 2.26 2.26) (layer F.SilkS) (width 0.12))
    (fp_line (start -2.26 1.195563) (end -2.26 1.06) (layer F.SilkS) (width 0.12))
    (fp_line (start -2.26 -1.195563) (end -2.26 -1.06) (layer F.SilkS) (width 0.12))
    (fp_line (start -2.26 -1.195563) (end -1.195563 -2.26) (layer F.SilkS) (width 0.12))
    (fp_line (start -2.26 1.195563) (end -1.195563 2.26) (layer F.SilkS) (width 0.12))
    (fp_line (start 2.4 -2.4) (end 2.4 -1.05) (layer F.CrtYd) (width 0.05))
    (fp_line (start 2.4 -1.05) (end 3.35 -1.05) (layer F.CrtYd) (width 0.05))
    (fp_line (start 3.35 -1.05) (end 3.35 1.05) (layer F.CrtYd) (width 0.05))
    (fp_line (start 3.35 1.05) (end 2.4 1.05) (layer F.CrtYd) (width 0.05))
    (fp_line (start 2.4 1.05) (end 2.4 2.4) (layer F.CrtYd) (width 0.05))
    (fp_line (start -1.25 2.4) (end 2.4 2.4) (layer F.CrtYd) (width 0.05))
    (fp_line (start -1.25 -2.4) (end 2.4 -2.4) (layer F.CrtYd) (width 0.05))
    (fp_line (start -2.4 1.25) (end -1.25 2.4) (layer F.CrtYd) (width 0.05))
    (fp_line (start -2.4 -1.25) (end -1.25 -2.4) (layer F.CrtYd) (width 0.05))
    (fp_line (start -2.4 -1.25) (end -2.4 -1.05) (layer F.CrtYd) (width 0.05))
    (fp_line (start -2.4 1.05) (end -2.4 1.25) (layer F.CrtYd) (width 0.05))
    (fp_line (start -2.4 -1.05) (end -3.35 -1.05) (layer F.CrtYd) (width 0.05))
    (fp_line (start -3.35 -1.05) (end -3.35 1.05) (layer F.CrtYd) (width 0.05))
    (fp_line (start -3.35 1.05) (end -2.4 1.05) (layer F.CrtYd) (width 0.05))
    (fp_text user %R (at 0 0 270) (layer F.Fab)
      (effects (font (size 0.4 0.4) (thickness 0.05)))
    )
    (pad 1 smd roundrect (at -1.8 0 270) (size 2.6 1.6) (layers F.Cu F.Paste F.Mask) (roundrect_rratio 0.15625)
      (net 7 "Net-(C7-Pad1)"))
    (pad 2 smd roundrect (at 1.8 0 270) (size 2.6 1.6) (layers F.Cu F.Paste F.Mask) (roundrect_rratio 0.15625)
      (net 1 GND))
    (model ${SA_LIB_3DSHAPES}/Nichicon_UWT1H010MCL1GB_1.0uF_50V_4.0x5.4mm/Nichicon_UWT1H010MCL1GB_1.0uF_50V_4.0x5.4mm.step
      (at (xyz 0 0 0))
      (scale (xyz 1 1 1))
      (rotate (xyz 0 0 0))
    )
  )

  (module SA_Capacitors_SMD:Nichicon_UWT1V100MCL1GB_10uF_35V_5.0x5.4mm (layer F.Cu) (tedit 5C256183) (tstamp 5C90C94B)
    (at 229.755001 58.805001)
    (descr "SMD capacitor, aluminum electrolytic, Nichicon, 5.0x5.4mm")
    (tags "capacitor electrolytic")
    (path /5C780A0B)
    (attr smd)
    (fp_text reference C8 (at 0 -3.3) (layer F.SilkS)
      (effects (font (size 0.6 0.6) (thickness 0.127)))
    )
    (fp_text value 10u (at 0 3.2) (layer F.Fab)
      (effects (font (size 0.3 0.3) (thickness 0.03)))
    )
    (fp_circle (center 0 0) (end 2.5 0) (layer F.Fab) (width 0.1))
    (fp_line (start 2.65 -2.65) (end 2.65 2.65) (layer F.Fab) (width 0.1))
    (fp_line (start -1.65 -2.65) (end 2.65 -2.65) (layer F.Fab) (width 0.1))
    (fp_line (start -1.65 2.65) (end 2.65 2.65) (layer F.Fab) (width 0.1))
    (fp_line (start -2.65 -1.65) (end -2.65 1.65) (layer F.Fab) (width 0.1))
    (fp_line (start -2.65 -1.65) (end -1.65 -2.65) (layer F.Fab) (width 0.1))
    (fp_line (start -2.65 1.65) (end -1.65 2.65) (layer F.Fab) (width 0.1))
    (fp_line (start -2.033956 -1.2) (end -1.533956 -1.2) (layer F.Fab) (width 0.1))
    (fp_line (start -1.783956 -1.45) (end -1.783956 -0.95) (layer F.Fab) (width 0.1))
    (fp_line (start 2.76 2.76) (end 2.76 1.06) (layer F.SilkS) (width 0.12))
    (fp_line (start 2.76 -2.76) (end 2.76 -1.06) (layer F.SilkS) (width 0.12))
    (fp_line (start -1.695563 -2.76) (end 2.76 -2.76) (layer F.SilkS) (width 0.12))
    (fp_line (start -1.695563 2.76) (end 2.76 2.76) (layer F.SilkS) (width 0.12))
    (fp_line (start -2.76 1.695563) (end -2.76 1.06) (layer F.SilkS) (width 0.12))
    (fp_line (start -2.76 -1.695563) (end -2.76 -1.06) (layer F.SilkS) (width 0.12))
    (fp_line (start -2.76 -1.695563) (end -1.695563 -2.76) (layer F.SilkS) (width 0.12))
    (fp_line (start -2.76 1.695563) (end -1.695563 2.76) (layer F.SilkS) (width 0.12))
    (fp_line (start 2.9 -2.9) (end 2.9 -1.05) (layer F.CrtYd) (width 0.05))
    (fp_line (start 2.9 -1.05) (end 3.95 -1.05) (layer F.CrtYd) (width 0.05))
    (fp_line (start 3.95 -1.05) (end 3.95 1.05) (layer F.CrtYd) (width 0.05))
    (fp_line (start 3.95 1.05) (end 2.9 1.05) (layer F.CrtYd) (width 0.05))
    (fp_line (start 2.9 1.05) (end 2.9 2.9) (layer F.CrtYd) (width 0.05))
    (fp_line (start -1.75 2.9) (end 2.9 2.9) (layer F.CrtYd) (width 0.05))
    (fp_line (start -1.75 -2.9) (end 2.9 -2.9) (layer F.CrtYd) (width 0.05))
    (fp_line (start -2.9 1.75) (end -1.75 2.9) (layer F.CrtYd) (width 0.05))
    (fp_line (start -2.9 -1.75) (end -1.75 -2.9) (layer F.CrtYd) (width 0.05))
    (fp_line (start -2.9 -1.75) (end -2.9 -1.05) (layer F.CrtYd) (width 0.05))
    (fp_line (start -2.9 1.05) (end -2.9 1.75) (layer F.CrtYd) (width 0.05))
    (fp_line (start -2.9 -1.05) (end -3.95 -1.05) (layer F.CrtYd) (width 0.05))
    (fp_line (start -3.95 -1.05) (end -3.95 1.05) (layer F.CrtYd) (width 0.05))
    (fp_line (start -3.95 1.05) (end -2.9 1.05) (layer F.CrtYd) (width 0.05))
    (fp_text user %R (at 0 0) (layer F.Fab)
      (effects (font (size 0.4 0.4) (thickness 0.05)))
    )
    (pad 1 smd roundrect (at -2.2 0) (size 3 1.6) (layers F.Cu F.Paste F.Mask) (roundrect_rratio 0.15625)
      (net 17 "Net-(C4-Pad2)"))
    (pad 2 smd roundrect (at 2.2 0) (size 3 1.6) (layers F.Cu F.Paste F.Mask) (roundrect_rratio 0.15625)
      (net 18 "Net-(C8-Pad2)"))
    (model ${SA_LIB_3DSHAPES}/Nichicon_UWT1V100MCL1GB_10uF_35V_5.0x5.4mm/Nichicon_UWT1V100MCL1GB_10uF_35V_5.0x5.4mm.step
      (at (xyz 0 0 0))
      (scale (xyz 1 1 1))
      (rotate (xyz 0 0 0))
    )
  )

  (module SA_Capacitors_SMD:Nichicon_UWT1V470MCL1GS_47uF_35V_6.3x5.8mm (layer F.Cu) (tedit 5C2561B2) (tstamp 5C90C925)
    (at 221.055001 59.455001)
    (descr "SMD capacitor, aluminum electrolytic, Nichicon, 6.3x5.8mm")
    (tags "capacitor electrolytic")
    (path /5C7B2A35)
    (attr smd)
    (fp_text reference C1 (at 0 -4) (layer F.SilkS)
      (effects (font (size 0.6 0.6) (thickness 0.127)))
    )
    (fp_text value 47u (at 0 3.8) (layer F.Fab)
      (effects (font (size 0.3 0.3) (thickness 0.03)))
    )
    (fp_circle (center 0 0) (end 3.15 0) (layer F.Fab) (width 0.1))
    (fp_line (start 3.3 -3.3) (end 3.3 3.3) (layer F.Fab) (width 0.1))
    (fp_line (start -2.3 -3.3) (end 3.3 -3.3) (layer F.Fab) (width 0.1))
    (fp_line (start -2.3 3.3) (end 3.3 3.3) (layer F.Fab) (width 0.1))
    (fp_line (start -3.3 -2.3) (end -3.3 2.3) (layer F.Fab) (width 0.1))
    (fp_line (start -3.3 -2.3) (end -2.3 -3.3) (layer F.Fab) (width 0.1))
    (fp_line (start -3.3 2.3) (end -2.3 3.3) (layer F.Fab) (width 0.1))
    (fp_line (start -2.704838 -1.33) (end -2.074838 -1.33) (layer F.Fab) (width 0.1))
    (fp_line (start -2.389838 -1.645) (end -2.389838 -1.015) (layer F.Fab) (width 0.1))
    (fp_line (start 3.41 3.41) (end 3.41 1.06) (layer F.SilkS) (width 0.12))
    (fp_line (start 3.41 -3.41) (end 3.41 -1.06) (layer F.SilkS) (width 0.12))
    (fp_line (start -2.345563 -3.41) (end 3.41 -3.41) (layer F.SilkS) (width 0.12))
    (fp_line (start -2.345563 3.41) (end 3.41 3.41) (layer F.SilkS) (width 0.12))
    (fp_line (start -3.41 2.345563) (end -3.41 1.06) (layer F.SilkS) (width 0.12))
    (fp_line (start -3.41 -2.345563) (end -3.41 -1.06) (layer F.SilkS) (width 0.12))
    (fp_line (start -3.41 -2.345563) (end -2.345563 -3.41) (layer F.SilkS) (width 0.12))
    (fp_line (start -3.41 2.345563) (end -2.345563 3.41) (layer F.SilkS) (width 0.12))
    (fp_line (start 3.55 -3.55) (end 3.55 -1.05) (layer F.CrtYd) (width 0.05))
    (fp_line (start 3.55 -1.05) (end 4.7 -1.05) (layer F.CrtYd) (width 0.05))
    (fp_line (start 4.7 -1.05) (end 4.7 1.05) (layer F.CrtYd) (width 0.05))
    (fp_line (start 4.7 1.05) (end 3.55 1.05) (layer F.CrtYd) (width 0.05))
    (fp_line (start 3.55 1.05) (end 3.55 3.55) (layer F.CrtYd) (width 0.05))
    (fp_line (start -2.4 3.55) (end 3.55 3.55) (layer F.CrtYd) (width 0.05))
    (fp_line (start -2.4 -3.55) (end 3.55 -3.55) (layer F.CrtYd) (width 0.05))
    (fp_line (start -3.55 2.4) (end -2.4 3.55) (layer F.CrtYd) (width 0.05))
    (fp_line (start -3.55 -2.4) (end -2.4 -3.55) (layer F.CrtYd) (width 0.05))
    (fp_line (start -3.55 -2.4) (end -3.55 -1.05) (layer F.CrtYd) (width 0.05))
    (fp_line (start -3.55 1.05) (end -3.55 2.4) (layer F.CrtYd) (width 0.05))
    (fp_line (start -3.55 -1.05) (end -4.7 -1.05) (layer F.CrtYd) (width 0.05))
    (fp_line (start -4.7 -1.05) (end -4.7 1.05) (layer F.CrtYd) (width 0.05))
    (fp_line (start -4.7 1.05) (end -3.55 1.05) (layer F.CrtYd) (width 0.05))
    (fp_text user %R (at 0 0) (layer F.Fab)
      (effects (font (size 0.4 0.4) (thickness 0.05)))
    )
    (pad 1 smd roundrect (at -2.7 0) (size 3.5 1.6) (layers F.Cu F.Paste F.Mask) (roundrect_rratio 0.15625)
      (net 2 +9.0VDC))
    (pad 2 smd roundrect (at 2.7 0) (size 3.5 1.6) (layers F.Cu F.Paste F.Mask) (roundrect_rratio 0.15625)
      (net 1 GND))
    (model ${SA_LIB_3DSHAPES}/Nichicon_UWT1V470MCL1GS_47uF_35V_6.3x5.8mm/Nichicon_UWT1V470MCL1GS_47uF_35V_6.3x5.8mm.step
      (at (xyz 0 0 0))
      (scale (xyz 1 1 1))
      (rotate (xyz 0 0 0))
    )
  )

  (module SA_Connectors_Wire:Wire_Pad_2x_1.2mm_Hole_2.0_Annular_2.54mm_Pitch (layer F.Cu) (tedit 5C595A30) (tstamp 5C90C8FF)
    (at 166.1 102.88)
    (path /5C77D52E)
    (fp_text reference SW1 (at 0 0.5) (layer F.SilkS) hide
      (effects (font (size 0.5 0.5) (thickness 0.05)))
    )
    (fp_text value SW_BRIGHT (at 0 -0.5) (layer F.Fab) hide
      (effects (font (size 0.5 0.5) (thickness 0.05)))
    )
    (pad 1 thru_hole circle (at -1.27 0) (size 2 2) (drill 1.2) (layers *.Cu *.Mask)
      (net 27 "Net-(C6-Pad2)"))
    (pad 2 thru_hole circle (at 1.27 0) (size 2 2) (drill 1.2) (layers *.Cu *.Mask)
      (net 3 VREF))
  )

  (module SA_Diodes_SMD:ON_Semi_1N4148WS_SOD-323F-2 (layer F.Cu) (tedit 5C2425F3) (tstamp 5C90C8F9)
    (at 170.095001 102.805001)
    (path /5C7B295E)
    (attr smd)
    (fp_text reference D1 (at 0 -1.3) (layer F.SilkS)
      (effects (font (size 0.6 0.6) (thickness 0.127)))
    )
    (fp_text value D_ALT (at 0 1.15) (layer F.Fab)
      (effects (font (size 0.3 0.3) (thickness 0.03)))
    )
    (fp_text user %R (at 0 0 180) (layer F.Fab)
      (effects (font (size 0.4 0.4) (thickness 0.05)))
    )
    (fp_line (start -1.6 -0.75) (end -1.6 0.75) (layer F.SilkS) (width 0.12))
    (fp_line (start -0.6375 -0.6) (end -0.6375 0.6) (layer F.Fab) (width 0.1))
    (fp_line (start -1.7 -0.9) (end 1.7 -0.9) (layer F.CrtYd) (width 0.05))
    (fp_line (start 1.7 -0.9) (end 1.7 0.9) (layer F.CrtYd) (width 0.05))
    (fp_line (start -1.7 0.9) (end 1.7 0.9) (layer F.CrtYd) (width 0.05))
    (fp_line (start -1.7 -0.9) (end -1.7 0.9) (layer F.CrtYd) (width 0.05))
    (fp_line (start -1.6 0.75) (end 1.6 0.75) (layer F.SilkS) (width 0.12))
    (fp_line (start -1.6 -0.75) (end 1.6 -0.75) (layer F.SilkS) (width 0.12))
    (fp_line (start -0.85 -0.625) (end -0.85 0.625) (layer F.Fab) (width 0.1))
    (fp_line (start -0.85 0.625) (end 0.85 0.625) (layer F.Fab) (width 0.1))
    (fp_line (start 0.85 0.625) (end 0.85 -0.625) (layer F.Fab) (width 0.1))
    (fp_line (start 0.85 -0.625) (end -0.85 -0.625) (layer F.Fab) (width 0.1))
    (pad 1 smd roundrect (at -1.1 0) (size 0.75 0.75) (layers F.Cu F.Paste F.Mask) (roundrect_rratio 0.25)
      (net 2 +9.0VDC))
    (pad 2 smd roundrect (at 1.1 0) (size 0.75 0.75) (layers F.Cu F.Paste F.Mask) (roundrect_rratio 0.25)
      (net 1 GND))
    (model ${SA_LIB_3DSHAPES}/ON_Semi_1N4148WS_SOD-323F-2/ON_Semi_1N4148WS_SOD-323F-2.step
      (at (xyz 0 0 0))
      (scale (xyz 1 1 1))
      (rotate (xyz 0 0 0))
    )
  )

  (module SA_Diodes_SMD:ON_Semi_1N4148WS_SOD-323F-2 (layer F.Cu) (tedit 5C2425F3) (tstamp 5C90C8E6)
    (at 76.2 55.88)
    (path /5C786BD8)
    (attr smd)
    (fp_text reference D4 (at 0 -1.3) (layer F.SilkS)
      (effects (font (size 0.6 0.6) (thickness 0.127)))
    )
    (fp_text value D_ALT (at 0 1.15) (layer F.Fab)
      (effects (font (size 0.3 0.3) (thickness 0.03)))
    )
    (fp_line (start 0.85 -0.625) (end -0.85 -0.625) (layer F.Fab) (width 0.1))
    (fp_line (start 0.85 0.625) (end 0.85 -0.625) (layer F.Fab) (width 0.1))
    (fp_line (start -0.85 0.625) (end 0.85 0.625) (layer F.Fab) (width 0.1))
    (fp_line (start -0.85 -0.625) (end -0.85 0.625) (layer F.Fab) (width 0.1))
    (fp_line (start -1.6 -0.75) (end 1.6 -0.75) (layer F.SilkS) (width 0.12))
    (fp_line (start -1.6 0.75) (end 1.6 0.75) (layer F.SilkS) (width 0.12))
    (fp_line (start -1.7 -0.9) (end -1.7 0.9) (layer F.CrtYd) (width 0.05))
    (fp_line (start -1.7 0.9) (end 1.7 0.9) (layer F.CrtYd) (width 0.05))
    (fp_line (start 1.7 -0.9) (end 1.7 0.9) (layer F.CrtYd) (width 0.05))
    (fp_line (start -1.7 -0.9) (end 1.7 -0.9) (layer F.CrtYd) (width 0.05))
    (fp_line (start -0.6375 -0.6) (end -0.6375 0.6) (layer F.Fab) (width 0.1))
    (fp_line (start -1.6 -0.75) (end -1.6 0.75) (layer F.SilkS) (width 0.12))
    (fp_text user %R (at 0 0 180) (layer F.Fab)
      (effects (font (size 0.4 0.4) (thickness 0.05)))
    )
    (pad 2 smd roundrect (at 1.1 0) (size 0.75 0.75) (layers F.Cu F.Paste F.Mask) (roundrect_rratio 0.25)
      (net 26 "Net-(D4-Pad2)"))
    (pad 1 smd roundrect (at -1.1 0) (size 0.75 0.75) (layers F.Cu F.Paste F.Mask) (roundrect_rratio 0.25)
      (net 21 "Net-(D4-Pad1)"))
    (model ${SA_LIB_3DSHAPES}/ON_Semi_1N4148WS_SOD-323F-2/ON_Semi_1N4148WS_SOD-323F-2.step
      (at (xyz 0 0 0))
      (scale (xyz 1 1 1))
      (rotate (xyz 0 0 0))
    )
  )

  (module SA_Diodes_SMD:ON_Semi_1N4148WS_SOD-323F-2 (layer F.Cu) (tedit 5C2425F3) (tstamp 5C90C8D3)
    (at 86.36 55.88)
    (path /5C786C5B)
    (attr smd)
    (fp_text reference D5 (at 0 -1.3) (layer F.SilkS)
      (effects (font (size 0.6 0.6) (thickness 0.127)))
    )
    (fp_text value D_ALT (at 0 1.15) (layer F.Fab)
      (effects (font (size 0.3 0.3) (thickness 0.03)))
    )
    (fp_text user %R (at 0 0 180) (layer F.Fab)
      (effects (font (size 0.4 0.4) (thickness 0.05)))
    )
    (fp_line (start -1.6 -0.75) (end -1.6 0.75) (layer F.SilkS) (width 0.12))
    (fp_line (start -0.6375 -0.6) (end -0.6375 0.6) (layer F.Fab) (width 0.1))
    (fp_line (start -1.7 -0.9) (end 1.7 -0.9) (layer F.CrtYd) (width 0.05))
    (fp_line (start 1.7 -0.9) (end 1.7 0.9) (layer F.CrtYd) (width 0.05))
    (fp_line (start -1.7 0.9) (end 1.7 0.9) (layer F.CrtYd) (width 0.05))
    (fp_line (start -1.7 -0.9) (end -1.7 0.9) (layer F.CrtYd) (width 0.05))
    (fp_line (start -1.6 0.75) (end 1.6 0.75) (layer F.SilkS) (width 0.12))
    (fp_line (start -1.6 -0.75) (end 1.6 -0.75) (layer F.SilkS) (width 0.12))
    (fp_line (start -0.85 -0.625) (end -0.85 0.625) (layer F.Fab) (width 0.1))
    (fp_line (start -0.85 0.625) (end 0.85 0.625) (layer F.Fab) (width 0.1))
    (fp_line (start 0.85 0.625) (end 0.85 -0.625) (layer F.Fab) (width 0.1))
    (fp_line (start 0.85 -0.625) (end -0.85 -0.625) (layer F.Fab) (width 0.1))
    (pad 1 smd roundrect (at -1.1 0) (size 0.75 0.75) (layers F.Cu F.Paste F.Mask) (roundrect_rratio 0.25)
      (net 26 "Net-(D4-Pad2)"))
    (pad 2 smd roundrect (at 1.1 0) (size 0.75 0.75) (layers F.Cu F.Paste F.Mask) (roundrect_rratio 0.25)
      (net 22 "Net-(D5-Pad2)"))
    (model ${SA_LIB_3DSHAPES}/ON_Semi_1N4148WS_SOD-323F-2/ON_Semi_1N4148WS_SOD-323F-2.step
      (at (xyz 0 0 0))
      (scale (xyz 1 1 1))
      (rotate (xyz 0 0 0))
    )
  )

  (module SA_Diodes_SMD:ON_Semi_1N4148WS_SOD-323F-2 (layer F.Cu) (tedit 5C2425F3) (tstamp 5C90C8C0)
    (at 193.04 90.17)
    (path /5C793CD0)
    (attr smd)
    (fp_text reference D6 (at 0 -1.3) (layer F.SilkS)
      (effects (font (size 0.6 0.6) (thickness 0.127)))
    )
    (fp_text value D_ALT (at 0 1.15) (layer F.Fab)
      (effects (font (size 0.3 0.3) (thickness 0.03)))
    )
    (fp_line (start 0.85 -0.625) (end -0.85 -0.625) (layer F.Fab) (width 0.1))
    (fp_line (start 0.85 0.625) (end 0.85 -0.625) (layer F.Fab) (width 0.1))
    (fp_line (start -0.85 0.625) (end 0.85 0.625) (layer F.Fab) (width 0.1))
    (fp_line (start -0.85 -0.625) (end -0.85 0.625) (layer F.Fab) (width 0.1))
    (fp_line (start -1.6 -0.75) (end 1.6 -0.75) (layer F.SilkS) (width 0.12))
    (fp_line (start -1.6 0.75) (end 1.6 0.75) (layer F.SilkS) (width 0.12))
    (fp_line (start -1.7 -0.9) (end -1.7 0.9) (layer F.CrtYd) (width 0.05))
    (fp_line (start -1.7 0.9) (end 1.7 0.9) (layer F.CrtYd) (width 0.05))
    (fp_line (start 1.7 -0.9) (end 1.7 0.9) (layer F.CrtYd) (width 0.05))
    (fp_line (start -1.7 -0.9) (end 1.7 -0.9) (layer F.CrtYd) (width 0.05))
    (fp_line (start -0.6375 -0.6) (end -0.6375 0.6) (layer F.Fab) (width 0.1))
    (fp_line (start -1.6 -0.75) (end -1.6 0.75) (layer F.SilkS) (width 0.12))
