(kicad_pcb (version 20171130) (host pcbnew "(5.1.2)-2")

  (general
    (thickness 1.6)
    (drawings 8)
    (tracks 26)
    (zones 0)
    (modules 15)
    (nets 22)
  )

  (page A4)
  (layers
    (0 F.Cu signal)
    (31 B.Cu signal)
    (32 B.Adhes user)
    (33 F.Adhes user)
    (34 B.Paste user)
    (35 F.Paste user)
    (36 B.SilkS user)
    (37 F.SilkS user)
    (38 B.Mask user)
    (39 F.Mask user)
    (40 Dwgs.User user)
    (41 Cmts.User user)
    (42 Eco1.User user)
    (43 Eco2.User user)
    (44 Edge.Cuts user)
    (45 Margin user)
    (46 B.CrtYd user)
    (47 F.CrtYd user)
    (48 B.Fab user)
    (49 F.Fab user)
  )

  (setup
    (last_trace_width 0.1524)
    (user_trace_width 0.1524)
    (user_trace_width 0.254)
    (user_trace_width 0.508)
    (trace_clearance 0.1524)
    (zone_clearance 0.1524)
    (zone_45_only no)
    (trace_min 0.1524)
    (via_size 0.8)
    (via_drill 0.4)
    (via_min_size 0.4)
    (via_min_drill 0.3)
    (uvia_size 0.3)
    (uvia_drill 0.1)
    (uvias_allowed no)
    (uvia_min_size 0.2)
    (uvia_min_drill 0.1)
    (edge_width 0.1)
    (segment_width 0.2)
    (pcb_text_width 0.3)
    (pcb_text_size 1.5 1.5)
    (mod_edge_width 0.15)
    (mod_text_size 1 1)
    (mod_text_width 0.15)
    (pad_size 1.524 1.524)
    (pad_drill 0.762)
    (pad_to_mask_clearance 0)
    (aux_axis_origin 0 0)
    (visible_elements 7FFFFFFF)
    (pcbplotparams
      (layerselection 0x010fc_ffffffff)
      (usegerberextensions false)
      (usegerberattributes false)
      (usegerberadvancedattributes false)
      (creategerberjobfile false)
      (excludeedgelayer true)
      (linewidth 0.050000)
      (plotframeref false)
      (viasonmask false)
      (mode 1)
      (useauxorigin false)
      (hpglpennumber 1)
      (hpglpenspeed 20)
      (hpglpendiameter 15.000000)
      (psnegative false)
      (psa4output false)
      (plotreference true)
      (plotvalue true)
      (plotinvisibletext false)
      (padsonsilk false)
      (subtractmaskfromsilk false)
      (outputformat 1)
      (mirror false)
      (drillshape 1)
      (scaleselection 1)
      (outputdirectory ""))
  )

  (net 0 "")
  (net 1 GND)
  (net 2 VCC)
  (net 3 SEND)
  (net 4 INPUT)
  (net 5 RETURN)
  (net 6 OUTPUT)
  (net 7 "Net-(C1-Pad1)")
  (net 8 "Net-(D1-Pad1)")
  (net 9 "Net-(Q1-Pad2)")
  (net 10 "Net-(Cs3-Pad1)")
  (net 11 "Net-(Cs4-Pad1)")
  (net 12 "Net-(Cs5-Pad2)")
  (net 13 "Net-(Cs5-Pad1)")
  (net 14 "Net-(Ds1-Pad1)")
  (net 15 "Net-(Qs1-Pad2)")
  (net 16 "Net-(Qs1-Pad6)")
  (net 17 "Net-(Rs1-Pad1)")
  (net 18 "Net-(Rs2-Pad2)")
  (net 19 "Net-(Us1-Pad12)")
  (net 20 "Net-(Us1-Pad10)")
  (net 21 "Net-(Us1-Pad8)")

  (net_class Default "This is the default net class."
    (clearance 0.1524)
    (trace_width 0.1524)
    (via_dia 0.8)
    (via_drill 0.4)
    (uvia_dia 0.3)
    (uvia_drill 0.1)
    (add_net GND)
    (add_net INPUT)
    (add_net "Net-(C1-Pad1)")
    (add_net "Net-(Cs3-Pad1)")
    (add_net "Net-(Cs4-Pad1)")
    (add_net "Net-(Cs5-Pad1)")
    (add_net "Net-(Cs5-Pad2)")
    (add_net "Net-(D1-Pad1)")
    (add_net "Net-(Ds1-Pad1)")
    (add_net "Net-(Q1-Pad2)")
    (add_net "Net-(Qs1-Pad2)")
    (add_net "Net-(Qs1-Pad6)")
    (add_net "Net-(Rs1-Pad1)")
    (add_net "Net-(Rs2-Pad2)")
    (add_net "Net-(Us1-Pad10)")
    (add_net "Net-(Us1-Pad12)")
    (add_net "Net-(Us1-Pad8)")
    (add_net OUTPUT)
    (add_net RETURN)
    (add_net SEND)
    (add_net VCC)
  )

  (module Logic_SMD:Texas_Instruments_CD40106BPWR (layer F.Cu) (tedit 5D377471) (tstamp 5D4F014F)
    (at 240.84 55.13)
    (path /61021EA7)
    (attr smd)
    (fp_text reference Us1 (at 0 -3.55) (layer F.SilkS)
      (effects (font (size 1 1) (thickness 0.15)))
    )
    (fp_text value CD40106BPWR (at 0 3.55) (layer F.Fab)
      (effects (font (size 1 1) (thickness 0.15)))
    )
    (fp_text user %R (at 0 0) (layer F.Fab)
      (effects (font (size 0.8 0.8) (thickness 0.15)))
    )
    (fp_line (start -2.325 -2.5) (end -3.675 -2.5) (layer F.SilkS) (width 0.15))
    (fp_line (start -2.325 2.625) (end 2.325 2.625) (layer F.SilkS) (width 0.15))
    (fp_line (start -2.325 -2.625) (end 2.325 -2.625) (layer F.SilkS) (width 0.15))
    (fp_line (start -2.325 2.625) (end -2.325 2.4) (layer F.SilkS) (width 0.15))
    (fp_line (start 2.325 2.625) (end 2.325 2.4) (layer F.SilkS) (width 0.15))
    (fp_line (start 2.325 -2.625) (end 2.325 -2.4) (layer F.SilkS) (width 0.15))
    (fp_line (start -2.325 -2.625) (end -2.325 -2.5) (layer F.SilkS) (width 0.15))
    (fp_line (start -3.95 2.8) (end 3.95 2.8) (layer F.CrtYd) (width 0.05))
    (fp_line (start -3.95 -2.8) (end 3.95 -2.8) (layer F.CrtYd) (width 0.05))
    (fp_line (start 3.95 -2.8) (end 3.95 2.8) (layer F.CrtYd) (width 0.05))
    (fp_line (start -3.95 -2.8) (end -3.95 2.8) (layer F.CrtYd) (width 0.05))
    (fp_line (start -2.2 -1.5) (end -1.2 -2.5) (layer F.Fab) (width 0.15))
    (fp_line (start -2.2 2.5) (end -2.2 -1.5) (layer F.Fab) (width 0.15))
    (fp_line (start 2.2 2.5) (end -2.2 2.5) (layer F.Fab) (width 0.15))
    (fp_line (start 2.2 -2.5) (end 2.2 2.5) (layer F.Fab) (width 0.15))
    (fp_line (start -1.2 -2.5) (end 2.2 -2.5) (layer F.Fab) (width 0.15))
    (pad 14 smd rect (at 2.95 -1.95) (size 1.45 0.45) (layers F.Cu F.Paste F.Mask)
      (net 2 VCC))
    (pad 13 smd rect (at 2.95 -1.3) (size 1.45 0.45) (layers F.Cu F.Paste F.Mask)
      (net 1 GND))
    (pad 12 smd rect (at 2.95 -0.65) (size 1.45 0.45) (layers F.Cu F.Paste F.Mask)
      (net 19 "Net-(Us1-Pad12)"))
    (pad 11 smd rect (at 2.95 0) (size 1.45 0.45) (layers F.Cu F.Paste F.Mask)
      (net 1 GND))
    (pad 10 smd rect (at 2.95 0.65) (size 1.45 0.45) (layers F.Cu F.Paste F.Mask)
      (net 20 "Net-(Us1-Pad10)"))
    (pad 9 smd rect (at 2.95 1.3) (size 1.45 0.45) (layers F.Cu F.Paste F.Mask)
      (net 1 GND))
    (pad 8 smd rect (at 2.95 1.95) (size 1.45 0.45) (layers F.Cu F.Paste F.Mask)
      (net 21 "Net-(Us1-Pad8)"))
    (pad 7 smd rect (at -2.95 1.95) (size 1.45 0.45) (layers F.Cu F.Paste F.Mask)
      (net 1 GND))
    (pad 6 smd rect (at -2.95 1.3) (size 1.45 0.45) (layers F.Cu F.Paste F.Mask)
      (net 14 "Net-(Ds1-Pad1)"))
    (pad 5 smd rect (at -2.95 0.65) (size 1.45 0.45) (layers F.Cu F.Paste F.Mask)
      (net 17 "Net-(Rs1-Pad1)"))
    (pad 4 smd rect (at -2.95 0) (size 1.45 0.45) (layers F.Cu F.Paste F.Mask)
      (net 17 "Net-(Rs1-Pad1)"))
    (pad 3 smd rect (at -2.95 -0.65) (size 1.45 0.45) (layers F.Cu F.Paste F.Mask)
      (net 18 "Net-(Rs2-Pad2)"))
    (pad 2 smd rect (at -2.95 -1.3) (size 1.45 0.45) (layers F.Cu F.Paste F.Mask)
      (net 18 "Net-(Rs2-Pad2)"))
    (pad 1 smd rect (at -2.95 -1.95) (size 1.45 0.45) (layers F.Cu F.Paste F.Mask)
      (net 10 "Net-(Cs3-Pad1)"))
    (model ${LIB_MODULES}/Logic_SMD.pretty/Texas_Instruments_CD40106BPWR.step
      (at (xyz 0 0 0))
      (scale (xyz 1 1 1))
      (rotate (xyz 0 0 0))
    )
  )

  (module Switches_THT:R13-85A1-05-HWH (layer B.Cu) (tedit 5D4A1257) (tstamp 5D4BAB7B)
    (at 208.28 75.565 180)
    (path /62042C95)
    (fp_text reference SWa1 (at 0 -5.5) (layer B.SilkS)
      (effects (font (size 1 1) (thickness 0.15)) (justify mirror))
    )
    (fp_text value SPST_NO (at 0 13.5) (layer B.Fab)
      (effects (font (size 1 1) (thickness 0.15)) (justify mirror))
    )
    (fp_line (start -6.5 0) (end 6.5 0) (layer B.Fab) (width 0.1))
    (fp_line (start -6.5 0) (end -6.5 12.5) (layer B.Fab) (width 0.1))
    (fp_line (start -6.5 12.5) (end 6.5 12.5) (layer B.Fab) (width 0.1))
    (fp_line (start 6.5 12.5) (end 6.5 0) (layer B.Fab) (width 0.1))
    (fp_poly (pts (xy -3.2 1) (xy -3.2 6) (xy -4 6) (xy -4 1)) (layer F.Fab) (width 0.15))
    (fp_poly (pts (xy 4 1) (xy 4 6) (xy 3.2 6) (xy 3.2 1)) (layer F.Fab) (width 0.15))
    (pad 1 thru_hole roundrect (at -3.5 3.5 180) (size 5 6.5) (drill oval 3 5.5) (layers *.Cu *.Mask) (roundrect_rratio 0.1)
      (net 10 "Net-(Cs3-Pad1)"))
    (pad 2 thru_hole roundrect (at 3.5 3.5 180) (size 5 6.5) (drill oval 3 5.5) (layers *.Cu *.Mask) (roundrect_rratio 0.1)
      (net 11 "Net-(Cs4-Pad1)"))
    (model ${LIB_MODULES}/Switches_THT.pretty/R13_85A1_05_HWH.step
      (at (xyz 0 0 0))
      (scale (xyz 1 1 1))
      (rotate (xyz 0 0 0))
    )
  )

  (module Resistors_SMD:R_0603_1608M (layer F.Cu) (tedit 5D35AB22) (tstamp 5D4F00F1)
    (at 236.38 63.56)
    (path /610C3F5D)
    (attr smd)
    (fp_text reference Rs2 (at 0 -1.1) (layer F.SilkS)
      (effects (font (size 0.6 0.6) (thickness 0.127)))
    )
    (fp_text value 1M (at 0 0.95) (layer F.Fab)
      (effects (font (size 0.3 0.3) (thickness 0.03)))
    )
    (fp_text user %R (at 0 0) (layer F.Fab)
      (effects (font (size 0.4 0.4) (thickness 0.05)))
    )
    (fp_line (start 1.48 0.73) (end -1.48 0.73) (layer F.CrtYd) (width 0.05))
    (fp_line (start 1.48 -0.73) (end 1.48 0.73) (layer F.CrtYd) (width 0.05))
    (fp_line (start -1.48 -0.73) (end 1.48 -0.73) (layer F.CrtYd) (width 0.05))
    (fp_line (start -1.48 0.73) (end -1.48 -0.73) (layer F.CrtYd) (width 0.05))
    (fp_line (start -0.162779 0.51) (end 0.162779 0.51) (layer F.SilkS) (width 0.12))
    (fp_line (start -0.162779 -0.51) (end 0.162779 -0.51) (layer F.SilkS) (width 0.12))
    (fp_line (start 0.8 0.4) (end -0.8 0.4) (layer F.Fab) (width 0.1))
    (fp_line (start 0.8 -0.4) (end 0.8 0.4) (layer F.Fab) (width 0.1))
    (fp_line (start -0.8 -0.4) (end 0.8 -0.4) (layer F.Fab) (width 0.1))
    (fp_line (start -0.8 0.4) (end -0.8 -0.4) (layer F.Fab) (width 0.1))
    (pad 2 smd roundrect (at 0.7875 0) (size 0.875 0.95) (layers F.Cu F.Paste F.Mask) (roundrect_rratio 0.25)
      (net 18 "Net-(Rs2-Pad2)"))
    (pad 1 smd roundrect (at -0.7875 0) (size 0.875 0.95) (layers F.Cu F.Paste F.Mask) (roundrect_rratio 0.25)
      (net 11 "Net-(Cs4-Pad1)"))
    (model ${LIB_MODULES}/Resistors_SMD.pretty/R_0603_1608M.step
      (at (xyz 0 0 0))
      (scale (xyz 1 1 1))
      (rotate (xyz 0 0 0))
    )
  )

  (module Resistors_SMD:R_0603_1608M (layer F.Cu) (tedit 5D35AB22) (tstamp 5D4F00E0)
    (at 231.93 64.06)
    (path /611C6EB3)
    (attr smd)
    (fp_text reference Rs1 (at 0 -1.1) (layer F.SilkS)
      (effects (font (size 0.6 0.6) (thickness 0.127)))
    )
    (fp_text value 100k (at 0 0.95) (layer F.Fab)
      (effects (font (size 0.3 0.3) (thickness 0.03)))
    )
    (fp_text user %R (at 0 0) (layer F.Fab)
      (effects (font (size 0.4 0.4) (thickness 0.05)))
    )
    (fp_line (start 1.48 0.73) (end -1.48 0.73) (layer F.CrtYd) (width 0.05))
    (fp_line (start 1.48 -0.73) (end 1.48 0.73) (layer F.CrtYd) (width 0.05))
    (fp_line (start -1.48 -0.73) (end 1.48 -0.73) (layer F.CrtYd) (width 0.05))
    (fp_line (start -1.48 0.73) (end -1.48 -0.73) (layer F.CrtYd) (width 0.05))
    (fp_line (start -0.162779 0.51) (end 0.162779 0.51) (layer F.SilkS) (width 0.12))
    (fp_line (start -0.162779 -0.51) (end 0.162779 -0.51) (layer F.SilkS) (width 0.12))
    (fp_line (start 0.8 0.4) (end -0.8 0.4) (layer F.Fab) (width 0.1))
    (fp_line (start 0.8 -0.4) (end 0.8 0.4) (layer F.Fab) (width 0.1))
    (fp_line (start -0.8 -0.4) (end 0.8 -0.4) (layer F.Fab) (width 0.1))
    (fp_line (start -0.8 0.4) (end -0.8 -0.4) (layer F.Fab) (width 0.1))
    (pad 2 smd roundrect (at 0.7875 0) (size 0.875 0.95) (layers F.Cu F.Paste F.Mask) (roundrect_rratio 0.25)
      (net 10 "Net-(Cs3-Pad1)"))
    (pad 1 smd roundrect (at -0.7875 0) (size 0.875 0.95) (layers F.Cu F.Paste F.Mask) (roundrect_rratio 0.25)
      (net 17 "Net-(Rs1-Pad1)"))
    (model ${LIB_MODULES}/Resistors_SMD.pretty/R_0603_1608M.step
      (at (xyz 0 0 0))
      (scale (xyz 1 1 1))
      (rotate (xyz 0 0 0))
    )
  )

  (module Transistors_BJT_SMD:ON_Semi_MBT3946DW1T1G (layer F.Cu) (tedit 5D3355AC) (tstamp 5D4F00CF)
    (at 238.49 60.38)
    (path /5D4FA4F8)
    (attr smd)
    (fp_text reference Qs1 (at 0 -1.778) (layer F.SilkS)
      (effects (font (size 0.6 0.6) (thickness 0.127)))
    )
    (fp_text value MBT3946DW1T1G (at 0 1.778 180) (layer F.Fab)
      (effects (font (size 0.3 0.3) (thickness 0.03)))
    )
    (fp_text user %R (at 0 0 90) (layer F.Fab)
      (effects (font (size 0.4 0.4) (thickness 0.05)))
    )
    (fp_line (start 0.7 -1.16) (end -1.2 -1.16) (layer F.SilkS) (width 0.12))
    (fp_line (start -0.7 1.16) (end 0.7 1.16) (layer F.SilkS) (width 0.12))
    (fp_line (start 1.6 1.4) (end 1.6 -1.4) (layer F.CrtYd) (width 0.05))
    (fp_line (start -1.6 -1.4) (end -1.6 1.4) (layer F.CrtYd) (width 0.05))
    (fp_line (start -1.6 -1.4) (end 1.6 -1.4) (layer F.CrtYd) (width 0.05))
    (fp_line (start 0.675 -1.1) (end -0.175 -1.1) (layer F.Fab) (width 0.1))
    (fp_line (start -0.675 -0.6) (end -0.675 1.1) (layer F.Fab) (width 0.1))
    (fp_line (start -1.6 1.4) (end 1.6 1.4) (layer F.CrtYd) (width 0.05))
    (fp_line (start 0.675 -1.1) (end 0.675 1.1) (layer F.Fab) (width 0.1))
    (fp_line (start 0.675 1.1) (end -0.675 1.1) (layer F.Fab) (width 0.1))
    (fp_line (start -0.175 -1.1) (end -0.675 -0.6) (layer F.Fab) (width 0.1))
    (pad 1 smd roundrect (at -0.95 -0.65) (size 0.65 0.4) (layers F.Cu F.Paste F.Mask) (roundrect_rratio 0.25)
      (net 1 GND))
    (pad 3 smd roundrect (at -0.95 0.65) (size 0.65 0.4) (layers F.Cu F.Paste F.Mask) (roundrect_rratio 0.25)
      (net 15 "Net-(Qs1-Pad2)"))
    (pad 5 smd roundrect (at 0.95 0) (size 0.65 0.4) (layers F.Cu F.Paste F.Mask) (roundrect_rratio 0.25)
      (net 14 "Net-(Ds1-Pad1)"))
    (pad 2 smd roundrect (at -0.95 0) (size 0.65 0.4) (layers F.Cu F.Paste F.Mask) (roundrect_rratio 0.25)
      (net 15 "Net-(Qs1-Pad2)"))
    (pad 4 smd roundrect (at 0.95 0.65) (size 0.65 0.4) (layers F.Cu F.Paste F.Mask) (roundrect_rratio 0.25)
      (net 13 "Net-(Cs5-Pad1)"))
    (pad 6 smd roundrect (at 0.95 -0.65) (size 0.65 0.4) (layers F.Cu F.Paste F.Mask) (roundrect_rratio 0.25)
      (net 16 "Net-(Qs1-Pad6)"))
    (model ${LIB_MODULES}/Transistors_BJT_SMD.pretty/ON_Semi_MBT3946DW1T1G.step
      (at (xyz 0 0 0))
      (scale (xyz 1 1 1))
      (rotate (xyz 0 0 0))
    )
  )

  (module Diodes_Signal_SMD:ON_Semi_1N4148WS (layer F.Cu) (tedit 5D376D69) (tstamp 5D4F0063)
    (at 228.14 61.38)
    (path /5D4FA4F7)
    (attr smd)
    (fp_text reference Ds1 (at 0 -1.3) (layer F.SilkS)
      (effects (font (size 0.6 0.6) (thickness 0.127)))
    )
    (fp_text value 1N4148WS (at 0 1.15) (layer F.Fab)
      (effects (font (size 0.3 0.3) (thickness 0.03)))
    )
    (fp_line (start 0.85 -0.625) (end -0.85 -0.625) (layer F.Fab) (width 0.1))
    (fp_line (start 0.85 0.625) (end 0.85 -0.625) (layer F.Fab) (width 0.1))
    (fp_line (start -0.85 0.625) (end 0.85 0.625) (layer F.Fab) (width 0.1))
    (fp_line (start -0.85 -0.625) (end -0.85 0.625) (layer F.Fab) (width 0.1))
    (fp_line (start -1.6 -0.75) (end 1.6 -0.75) (layer F.SilkS) (width 0.12))
    (fp_line (start -1.6 0.75) (end 1.6 0.75) (layer F.SilkS) (width 0.12))
    (fp_line (start -1.7 -0.9) (end -1.7 0.9) (layer F.CrtYd) (width 0.05))
    (fp_line (start -1.7 0.9) (end 1.7 0.9) (layer F.CrtYd) (width 0.05))
    (fp_line (start 1.7 -0.9) (end 1.7 0.9) (layer F.CrtYd) (width 0.05))
    (fp_line (start -1.7 -0.9) (end 1.7 -0.9) (layer F.CrtYd) (width 0.05))
    (fp_line (start -0.6375 -0.6) (end -0.6375 0.6) (layer F.Fab) (width 0.1))
    (fp_line (start -1.6 -0.75) (end -1.6 0.75) (layer F.SilkS) (width 0.12))
    (fp_text user %R (at 0 0 180) (layer F.Fab)
      (effects (font (size 0.4 0.4) (thickness 0.05)))
    )
    (pad 1 smd roundrect (at 1.1 0) (size 0.75 0.75) (layers F.Cu F.Paste F.Mask) (roundrect_rratio 0.25)
      (net 14 "Net-(Ds1-Pad1)"))
    (pad 2 smd roundrect (at -1.1 0) (size 0.75 0.75) (layers F.Cu F.Paste F.Mask) (roundrect_rratio 0.25)
      (net 13 "Net-(Cs5-Pad1)"))
    (model ${LIB_MODULES}/Diodes_Signal_SMD.pretty/ON_Semi_1N4148WS.step
      (at (xyz 0 0 0))
      (scale (xyz 1 1 1))
      (rotate (xyz 0 0 0))
    )
  )

  (module Capacitors_Chip_SMD:C_0603_1608M_h0.85 (layer F.Cu) (tedit 5D35C8FE) (tstamp 5D4F002B)
    (at 247.32 53.06)
    (path /6117C515)
    (attr smd)
    (fp_text reference Cs4 (at 0 -1.1) (layer F.SilkS)
      (effects (font (size 0.6 0.6) (thickness 0.127)))
    )
    (fp_text value 47n (at 0 1) (layer F.Fab)
      (effects (font (size 0.3 0.3) (thickness 0.03)))
    )
    (fp_line (start -0.8 0.4) (end -0.8 -0.4) (layer F.Fab) (width 0.1))
    (fp_line (start -0.8 -0.4) (end 0.8 -0.4) (layer F.Fab) (width 0.1))
    (fp_line (start 0.8 -0.4) (end 0.8 0.4) (layer F.Fab) (width 0.1))
    (fp_line (start 0.8 0.4) (end -0.8 0.4) (layer F.Fab) (width 0.1))
    (fp_line (start -0.162779 -0.51) (end 0.162779 -0.51) (layer F.SilkS) (width 0.12))
    (fp_line (start -0.162779 0.51) (end 0.162779 0.51) (layer F.SilkS) (width 0.12))
    (fp_line (start -1.48 0.73) (end -1.48 -0.73) (layer F.CrtYd) (width 0.05))
    (fp_line (start -1.48 -0.73) (end 1.48 -0.73) (layer F.CrtYd) (width 0.05))
    (fp_line (start 1.48 -0.73) (end 1.48 0.73) (layer F.CrtYd) (width 0.05))
    (fp_line (start 1.48 0.73) (end -1.48 0.73) (layer F.CrtYd) (width 0.05))
    (fp_text user %R (at 0 0) (layer F.Fab)
      (effects (font (size 0.4 0.4) (thickness 0.05)))
    )
    (pad 1 smd roundrect (at -0.7875 0) (size 0.875 0.95) (layers F.Cu F.Paste F.Mask) (roundrect_rratio 0.25)
      (net 11 "Net-(Cs4-Pad1)"))
    (pad 2 smd roundrect (at 0.7875 0) (size 0.875 0.95) (layers F.Cu F.Paste F.Mask) (roundrect_rratio 0.25)
      (net 1 GND))
    (model ${LIB_MODULES}/Capacitors_Chip_SMD.pretty/C_0603_1608M_h0.85.step
      (at (xyz 0 0 0))
      (scale (xyz 1 1 1))
      (rotate (xyz 0 0 0))
    )
  )

  (module Capacitors_Chip_SMD:C_0603_1608M_h0.85 (layer F.Cu) (tedit 5D35C8FE) (tstamp 5D4F001A)
    (at 227.92 64.06)
    (path /610C329C)
    (attr smd)
    (fp_text reference Cs3 (at 0 -1.1) (layer F.SilkS)
      (effects (font (size 0.6 0.6) (thickness 0.127)))
    )
    (fp_text value 4n7 (at 0 1) (layer F.Fab)
      (effects (font (size 0.3 0.3) (thickness 0.03)))
    )
    (fp_line (start -0.8 0.4) (end -0.8 -0.4) (layer F.Fab) (width 0.1))
    (fp_line (start -0.8 -0.4) (end 0.8 -0.4) (layer F.Fab) (width 0.1))
    (fp_line (start 0.8 -0.4) (end 0.8 0.4) (layer F.Fab) (width 0.1))
    (fp_line (start 0.8 0.4) (end -0.8 0.4) (layer F.Fab) (width 0.1))
    (fp_line (start -0.162779 -0.51) (end 0.162779 -0.51) (layer F.SilkS) (width 0.12))
    (fp_line (start -0.162779 0.51) (end 0.162779 0.51) (layer F.SilkS) (width 0.12))
    (fp_line (start -1.48 0.73) (end -1.48 -0.73) (layer F.CrtYd) (width 0.05))
    (fp_line (start -1.48 -0.73) (end 1.48 -0.73) (layer F.CrtYd) (width 0.05))
    (fp_line (start 1.48 -0.73) (end 1.48 0.73) (layer F.CrtYd) (width 0.05))
    (fp_line (start 1.48 0.73) (end -1.48 0.73) (layer F.CrtYd) (width 0.05))
    (fp_text user %R (at 0 0) (layer F.Fab)
      (effects (font (size 0.4 0.4) (thickness 0.05)))
    )
    (pad 1 smd roundrect (at -0.7875 0) (size 0.875 0.95) (layers F.Cu F.Paste F.Mask) (roundrect_rratio 0.25)
      (net 10 "Net-(Cs3-Pad1)"))
    (pad 2 smd roundrect (at 0.7875 0) (size 0.875 0.95) (layers F.Cu F.Paste F.Mask) (roundrect_rratio 0.25)
      (net 1 GND))
    (model ${LIB_MODULES}/Capacitors_Chip_SMD.pretty/C_0603_1608M_h0.85.step
      (at (xyz 0 0 0))
      (scale (xyz 1 1 1))
      (rotate (xyz 0 0 0))
    )
  )

  (module Capacitors_Chip_SMD:C_0603_1608M_h0.85 (layer F.Cu) (tedit 5D35C8FE) (tstamp 5D4F0009)
    (at 232.37 61.21)
    (path /6192FE3C)
    (attr smd)
    (fp_text reference Cs2 (at 0 -1.1) (layer F.SilkS)
      (effects (font (size 0.6 0.6) (thickness 0.127)))
    )
    (fp_text value 100n (at 0 1) (layer F.Fab)
      (effects (font (size 0.3 0.3) (thickness 0.03)))
    )
    (fp_line (start -0.8 0.4) (end -0.8 -0.4) (layer F.Fab) (width 0.1))
    (fp_line (start -0.8 -0.4) (end 0.8 -0.4) (layer F.Fab) (width 0.1))
    (fp_line (start 0.8 -0.4) (end 0.8 0.4) (layer F.Fab) (width 0.1))
    (fp_line (start 0.8 0.4) (end -0.8 0.4) (layer F.Fab) (width 0.1))
    (fp_line (start -0.162779 -0.51) (end 0.162779 -0.51) (layer F.SilkS) (width 0.12))
    (fp_line (start -0.162779 0.51) (end 0.162779 0.51) (layer F.SilkS) (width 0.12))
    (fp_line (start -1.48 0.73) (end -1.48 -0.73) (layer F.CrtYd) (width 0.05))
    (fp_line (start -1.48 -0.73) (end 1.48 -0.73) (layer F.CrtYd) (width 0.05))
    (fp_line (start 1.48 -0.73) (end 1.48 0.73) (layer F.CrtYd) (width 0.05))
    (fp_line (start 1.48 0.73) (end -1.48 0.73) (layer F.CrtYd) (width 0.05))
    (fp_text user %R (at 0 0) (layer F.Fab)
      (effects (font (size 0.4 0.4) (thickness 0.05)))
    )
    (pad 1 smd roundrect (at -0.7875 0) (size 0.875 0.95) (layers F.Cu F.Paste F.Mask) (roundrect_rratio 0.25)
      (net 2 VCC))
    (pad 2 smd roundrect (at 0.7875 0) (size 0.875 0.95) (layers F.Cu F.Paste F.Mask) (roundrect_rratio 0.25)
      (net 1 GND))
    (model ${LIB_MODULES}/Capacitors_Chip_SMD.pretty/C_0603_1608M_h0.85.step
      (at (xyz 0 0 0))
      (scale (xyz 1 1 1))
      (rotate (xyz 0 0 0))
    )
  )

  (module Capacitors_Electrolytic_SMD:Nichicon_UWT1E101MCL1GS (layer F.Cu) (tedit 5D35C95F) (tstamp 5D4EFFF8)
    (at 231.14 55.88)
    (path /61959F96)
    (attr smd)
    (fp_text reference Cs1 (at 0 -4) (layer F.SilkS)
      (effects (font (size 0.6 0.6) (thickness 0.127)))
    )
    (fp_text value 100u (at 0 3.8) (layer F.Fab)
      (effects (font (size 0.3 0.3) (thickness 0.03)))
    )
    (fp_text user %R (at 0 0) (layer F.Fab)
      (effects (font (size 0.4 0.4) (thickness 0.05)))
    )
    (fp_line (start -4.7 1.05) (end -3.55 1.05) (layer F.CrtYd) (width 0.05))
    (fp_line (start -4.7 -1.05) (end -4.7 1.05) (layer F.CrtYd) (width 0.05))
    (fp_line (start -3.55 -1.05) (end -4.7 -1.05) (layer F.CrtYd) (width 0.05))
    (fp_line (start -3.55 1.05) (end -3.55 2.55) (layer F.CrtYd) (width 0.05))
    (fp_line (start -3.55 -2.54) (end -3.55 -1.05) (layer F.CrtYd) (width 0.05))
    (fp_line (start -3.55 -2.54) (end -2.54 -3.55) (layer F.CrtYd) (width 0.05))
    (fp_line (start -3.55 2.55) (end -2.54 3.55) (layer F.CrtYd) (width 0.05))
    (fp_line (start -2.54 -3.55) (end 3.55 -3.55) (layer F.CrtYd) (width 0.05))
    (fp_line (start -2.54 3.55) (end 3.55 3.55) (layer F.CrtYd) (width 0.05))
    (fp_line (start 3.55 1.05) (end 3.55 3.55) (layer F.CrtYd) (width 0.05))
    (fp_line (start 4.7 1.05) (end 3.55 1.05) (layer F.CrtYd) (width 0.05))
    (fp_line (start 4.7 -1.05) (end 4.7 1.05) (layer F.CrtYd) (width 0.05))
    (fp_line (start 3.55 -1.05) (end 4.7 -1.05) (layer F.CrtYd) (width 0.05))
    (fp_line (start 3.55 -3.55) (end 3.55 -1.05) (layer F.CrtYd) (width 0.05))
    (fp_line (start -3.41 2.54) (end -2.54 3.41) (layer F.SilkS) (width 0.12))
    (fp_line (start -3.429 -2.54) (end -2.54 -3.41) (layer F.SilkS) (width 0.12))
    (fp_line (start -3.429 -2.54) (end -3.429 -1.0795) (layer F.SilkS) (width 0.12))
    (fp_line (start -3.41 2.54) (end -3.41 1.06) (layer F.SilkS) (width 0.12))
    (fp_line (start -2.54 3.41) (end 3.41 3.41) (layer F.SilkS) (width 0.12))
    (fp_line (start -2.54 -3.41) (end 3.41 -3.41) (layer F.SilkS) (width 0.12))
    (fp_line (start 3.41 -3.41) (end 3.41 -1.06) (layer F.SilkS) (width 0.12))
    (fp_line (start 3.41 3.41) (end 3.41 1.06) (layer F.SilkS) (width 0.12))
    (fp_line (start -2.389838 -1.645) (end -2.389838 -1.015) (layer F.Fab) (width 0.1))
    (fp_line (start -2.704838 -1.33) (end -2.074838 -1.33) (layer F.Fab) (width 0.1))
    (fp_line (start -3.3 2.5) (end -2.5 3.3) (layer F.Fab) (width 0.1))
    (fp_line (start -3.3 -2.54) (end -2.54 -3.3) (layer F.Fab) (width 0.1))
    (fp_line (start -3.3 -2.54) (end -3.3 2.5) (layer F.Fab) (width 0.1))
    (fp_line (start -2.5 3.3) (end 3.3 3.3) (layer F.Fab) (width 0.1))
    (fp_line (start -2.54 -3.3) (end 3.3 -3.3) (layer F.Fab) (width 0.1))
    (fp_line (start 3.3 -3.3) (end 3.3 3.3) (layer F.Fab) (width 0.1))
    (fp_circle (center 0 0) (end 3.15 0) (layer F.Fab) (width 0.1))
    (pad 2 smd roundrect (at 2.7 0) (size 3.5 1.6) (layers F.Cu F.Paste F.Mask) (roundrect_rratio 0.15625)
      (net 1 GND))
    (pad 1 smd roundrect (at -2.7 0) (size 3.5 1.6) (layers F.Cu F.Paste F.Mask) (roundrect_rratio 0.15625)
      (net 2 VCC))
    (model ${LIB_MODULES}/Capacitors_Electrolytic_SMD.pretty/Nichicon_UWT1E101MCL1GS.step
      (at (xyz 0 0 0))
      (scale (xyz 1 1 1))
      (rotate (xyz 0 0 0))
    )
  )

  (module Resistors_SMD:R_0603_1608M (layer F.Cu) (tedit 5D35AB22) (tstamp 5D4B5C9E)
    (at 207.645 70.485 90)
    (path /612B23A2)
    (attr smd)
    (fp_text reference Rs5 (at 0 -1.1 90) (layer F.SilkS)
      (effects (font (size 0.6 0.6) (thickness 0.127)))
    )
    (fp_text value 47R (at 0 0.95 90) (layer F.Fab)
      (effects (font (size 0.3 0.3) (thickness 0.03)))
    )
    (fp_text user %R (at 0 0 90) (layer F.Fab)
      (effects (font (size 0.4 0.4) (thickness 0.05)))
    )
    (fp_line (start 1.48 0.73) (end -1.48 0.73) (layer F.CrtYd) (width 0.05))
    (fp_line (start 1.48 -0.73) (end 1.48 0.73) (layer F.CrtYd) (width 0.05))
    (fp_line (start -1.48 -0.73) (end 1.48 -0.73) (layer F.CrtYd) (width 0.05))
    (fp_line (start -1.48 0.73) (end -1.48 -0.73) (layer F.CrtYd) (width 0.05))
    (fp_line (start -0.162779 0.51) (end 0.162779 0.51) (layer F.SilkS) (width 0.12))
    (fp_line (start -0.162779 -0.51) (end 0.162779 -0.51) (layer F.SilkS) (width 0.12))
    (fp_line (start 0.8 0.4) (end -0.8 0.4) (layer F.Fab) (width 0.1))
    (fp_line (start 0.8 -0.4) (end 0.8 0.4) (layer F.Fab) (width 0.1))
    (fp_line (start -0.8 -0.4) (end 0.8 -0.4) (layer F.Fab) (width 0.1))
    (fp_line (start -0.8 0.4) (end -0.8 -0.4) (layer F.Fab) (width 0.1))
    (pad 2 smd roundrect (at 0.7875 0 90) (size 0.875 0.95) (layers F.Cu F.Paste F.Mask) (roundrect_rratio 0.25)
      (net 13 "Net-(Cs5-Pad1)"))
    (pad 1 smd roundrect (at -0.7875 0 90) (size 0.875 0.95) (layers F.Cu F.Paste F.Mask) (roundrect_rratio 0.25)
      (net 16 "Net-(Qs1-Pad6)"))
    (model ${LIB_MODULES}/Resistors_SMD.pretty/R_0603_1608M.step
      (at (xyz 0 0 0))
      (scale (xyz 1 1 1))
      (rotate (xyz 0 0 0))
    )
  )

  (module Resistors_SMD:R_0603_1608M (layer F.Cu) (tedit 5D35AB22) (tstamp 5D4B5C8D)
    (at 212.725 70.485 90)
    (path /6135128A)
    (attr smd)
    (fp_text reference Rs4 (at 0 -1.1 90) (layer F.SilkS)
      (effects (font (size 0.6 0.6) (thickness 0.127)))
    )
    (fp_text value 15k (at 0 0.95 90) (layer F.Fab)
      (effects (font (size 0.3 0.3) (thickness 0.03)))
    )
    (fp_text user %R (at 0 0 90) (layer F.Fab)
      (effects (font (size 0.4 0.4) (thickness 0.05)))
    )
    (fp_line (start 1.48 0.73) (end -1.48 0.73) (layer F.CrtYd) (width 0.05))
    (fp_line (start 1.48 -0.73) (end 1.48 0.73) (layer F.CrtYd) (width 0.05))
    (fp_line (start -1.48 -0.73) (end 1.48 -0.73) (layer F.CrtYd) (width 0.05))
    (fp_line (start -1.48 0.73) (end -1.48 -0.73) (layer F.CrtYd) (width 0.05))
    (fp_line (start -0.162779 0.51) (end 0.162779 0.51) (layer F.SilkS) (width 0.12))
    (fp_line (start -0.162779 -0.51) (end 0.162779 -0.51) (layer F.SilkS) (width 0.12))
    (fp_line (start 0.8 0.4) (end -0.8 0.4) (layer F.Fab) (width 0.1))
    (fp_line (start 0.8 -0.4) (end 0.8 0.4) (layer F.Fab) (width 0.1))
    (fp_line (start -0.8 -0.4) (end 0.8 -0.4) (layer F.Fab) (width 0.1))
    (fp_line (start -0.8 0.4) (end -0.8 -0.4) (layer F.Fab) (width 0.1))
    (pad 2 smd roundrect (at 0.7875 0 90) (size 0.875 0.95) (layers F.Cu F.Paste F.Mask) (roundrect_rratio 0.25)
      (net 15 "Net-(Qs1-Pad2)"))
    (pad 1 smd roundrect (at -0.7875 0 90) (size 0.875 0.95) (layers F.Cu F.Paste F.Mask) (roundrect_rratio 0.25)
      (net 1 GND))
    (model ${LIB_MODULES}/Resistors_SMD.pretty/R_0603_1608M.step
      (at (xyz 0 0 0))
      (scale (xyz 1 1 1))
      (rotate (xyz 0 0 0))
    )
  )

  (module Resistors_SMD:R_0603_1608M (layer F.Cu) (tedit 5D35AB22) (tstamp 5D4B5C7C)
    (at 203.835 70.485 270)
    (path /613A198A)
    (attr smd)
    (fp_text reference Rs3 (at 0 -1.1 90) (layer F.SilkS)
      (effects (font (size 0.6 0.6) (thickness 0.127)))
    )
    (fp_text value 150k (at 0 0.95 90) (layer F.Fab)
      (effects (font (size 0.3 0.3) (thickness 0.03)))
    )
    (fp_text user %R (at 0 0 90) (layer F.Fab)
      (effects (font (size 0.4 0.4) (thickness 0.05)))
    )
    (fp_line (start 1.48 0.73) (end -1.48 0.73) (layer F.CrtYd) (width 0.05))
    (fp_line (start 1.48 -0.73) (end 1.48 0.73) (layer F.CrtYd) (width 0.05))
    (fp_line (start -1.48 -0.73) (end 1.48 -0.73) (layer F.CrtYd) (width 0.05))
    (fp_line (start -1.48 0.73) (end -1.48 -0.73) (layer F.CrtYd) (width 0.05))
    (fp_line (start -0.162779 0.51) (end 0.162779 0.51) (layer F.SilkS) (width 0.12))
    (fp_line (start -0.162779 -0.51) (end 0.162779 -0.51) (layer F.SilkS) (width 0.12))
    (fp_line (start 0.8 0.4) (end -0.8 0.4) (layer F.Fab) (width 0.1))
    (fp_line (start 0.8 -0.4) (end 0.8 0.4) (layer F.Fab) (width 0.1))
    (fp_line (start -0.8 -0.4) (end 0.8 -0.4) (layer F.Fab) (width 0.1))
    (fp_line (start -0.8 0.4) (end -0.8 -0.4) (layer F.Fab) (width 0.1))
    (pad 2 smd roundrect (at 0.7875 0 270) (size 0.875 0.95) (layers F.Cu F.Paste F.Mask) (roundrect_rratio 0.25)
      (net 14 "Net-(Ds1-Pad1)"))
    (pad 1 smd roundrect (at -0.7875 0 270) (size 0.875 0.95) (layers F.Cu F.Paste F.Mask) (roundrect_rratio 0.25)
      (net 1 GND))
    (model ${LIB_MODULES}/Resistors_SMD.pretty/R_0603_1608M.step
      (at (xyz 0 0 0))
      (scale (xyz 1 1 1))
      (rotate (xyz 0 0 0))
    )
  )

  (module Relays_THT:Kemet_EA2-SNJ (layer F.Cu) (tedit 5D35E87B) (tstamp 5D4C6213)
    (at 217.17 79.375)
    (path /618D0F88)
    (fp_text reference K1 (at 0 -7.9) (layer F.SilkS)
      (effects (font (size 1 1) (thickness 0.15)))
    )
    (fp_text value Kemet_EA2-5SNJ (at 0 7.6) (layer F.Fab)
      (effects (font (size 0.3 0.3) (thickness 0.03)))
    )
    (fp_line (start 4.617711 -7.097203) (end -4.582289 -7.097203) (layer F.Fab) (width 0.15))
    (fp_line (start -4.582289 -7.097203) (end -4.582289 7.102797) (layer F.Fab) (width 0.15))
    (fp_line (start -4.582289 7.102797) (end 4.617711 7.102797) (layer F.Fab) (width 0.15))
    (fp_line (start 4.617711 7.102797) (end 4.617711 -7.097203) (layer F.Fab) (width 0.15))
    (fp_line (start 1.922711 -5.077203) (end -1.887289 -5.077203) (layer F.SilkS) (width 0.75))
    (fp_line (start 4.717711 -7.247203) (end 4.767711 7.252797) (layer F.SilkS) (width 0.1))
    (fp_line (start 4.767711 7.252797) (end -4.732289 7.252797) (layer F.SilkS) (width 0.1))
    (fp_line (start 4.717711 -7.247203) (end -4.732289 -7.247203) (layer F.SilkS) (width 0.1))
    (fp_line (start -4.732289 -7.247203) (end -4.732289 7.252797) (layer F.SilkS) (width 0.1))
    (fp_circle (center -2.54 -2.54) (end -2.54 -2.413) (layer F.Fab) (width 0.1))
    (fp_circle (center -2.54 0) (end -2.54 -0.127) (layer F.Fab) (width 0.1))
    (fp_circle (center 2.54 -2.54) (end 2.54 -2.667) (layer F.Fab) (width 0.1))
    (fp_circle (center 2.54 0) (end 2.54 -0.127) (layer F.Fab) (width 0.1))
    (fp_circle (center 2.54 2.54) (end 2.54 2.413) (layer F.Fab) (width 0.1))
    (fp_circle (center -2.54 2.54) (end -2.54 2.413) (layer F.Fab) (width 0.1))
    (fp_line (start -2.413 0) (end -2.413 -2.54) (layer F.Fab) (width 0.1))
    (fp_line (start -2.413 0) (end -1.27 2.54) (layer F.Fab) (width 0.1))
    (fp_line (start 2.413 0) (end 1.27 2.54) (layer F.Fab) (width 0.1))
    (fp_line (start 2.413 0) (end 2.413 -2.54) (layer F.Fab) (width 0.1))
    (fp_text user OUT (at 1.27 0) (layer F.Fab)
      (effects (font (size 0.5 0.5) (thickness 0.05)))
    )
    (fp_text user SND (at -1.27 0) (layer F.Fab)
      (effects (font (size 0.5 0.5) (thickness 0.05)))
    )
    (fp_text user IN (at 1.27 -2.54) (layer F.Fab)
      (effects (font (size 0.5 0.5) (thickness 0.05)))
    )
    (fp_text user IN (at 1.27 -2.54) (layer F.Fab)
      (effects (font (size 0.5 0.5) (thickness 0.05)))
    )
    (fp_text user GND (at -1.27 -2.54) (layer F.Fab)
      (effects (font (size 0.5 0.5) (thickness 0.05)))
    )
    (fp_text user RTN (at 1.27 2.54) (layer F.Fab)
      (effects (font (size 0.5 0.5) (thickness 0.05)))
    )
    (fp_text user - (at 2.54 -5.08) (layer F.Fab)
      (effects (font (size 0.5 0.5) (thickness 0.05)))
    )
    (fp_text user + (at -2.54 -5.08) (layer F.Fab)
      (effects (font (size 0.5 0.5) (thickness 0.05)))
    )
    (fp_text user S (at 0 -5.715) (layer F.Fab)
      (effects (font (size 0.5 0.5) (thickness 0.05)))
    )
    (fp_text user NC (at 2.54 5.08) (layer F.Fab)
      (effects (font (size 0.5 0.5) (thickness 0.05)))
    )
    (fp_text user NC (at 2.54 5.08) (layer F.Fab)
      (effects (font (size 0.5 0.5) (thickness 0.05)))
    )
    (pad 1 thru_hole circle (at -3.792289 -5.077203) (size 1.6 1.6) (drill 0.8) (layers *.Cu *.Mask)
      (net 12 "Net-(Cs5-Pad2)"))
    (pad 2 thru_hole circle (at -3.792289 -2.537203) (size 1.6 1.6) (drill 0.8) (layers *.Cu *.Mask)
      (net 1 GND))
    (pad 3 thru_hole circle (at -3.792289 0.002797) (size 1.6 1.6) (drill 0.8) (layers *.Cu *.Mask)
      (net 3 SEND))
    (pad 4 thru_hole circle (at -3.792289 2.542797) (size 1.6 1.6) (drill 0.8) (layers *.Cu *.Mask)
      (net 4 INPUT))
    (pad 5 thru_hole circle (at -3.792289 5.082797) (size 1.6 1.6) (drill 0.8) (layers *.Cu *.Mask))
    (pad 6 thru_hole circle (at 3.827711 5.082797) (size 1.6 1.6) (drill 0.8) (layers *.Cu *.Mask))
    (pad 7 thru_hole circle (at 3.827711 2.542797) (size 1.6 1.6) (drill 0.8) (layers *.Cu *.Mask)
      (net 5 RETURN))
    (pad 8 thru_hole circle (at 3.827711 0.002797) (size 1.6 1.6) (drill 0.8) (layers *.Cu *.Mask)
      (net 6 OUTPUT))
    (pad 9 thru_hole circle (at 3.827711 -2.537203) (size 1.6 1.6) (drill 0.8) (layers *.Cu *.Mask)
      (net 4 INPUT))
    (pad 10 thru_hole circle (at 3.827711 -5.077203) (size 1.6 1.6) (drill 0.8) (layers *.Cu *.Mask)
      (net 1 GND))
    (model ${LIB_MODULES}/Relays_THT.pretty/Kemet_EA2-SNJ.step
      (at (xyz 0 0 0))
      (scale (xyz 1 1 1))
      (rotate (xyz 0 0 0))
    )
  )

  (module Capacitors_Electrolytic_SMD:Nichicon_UWT1E101MCL1GS (layer F.Cu) (tedit 5D35C95F) (tstamp 5D4B5BC8)
    (at 200.66 77.47 270)
    (path /6151F7B8)
    (attr smd)
    (fp_text reference Cs5 (at 0 -4 90) (layer F.SilkS)
      (effects (font (size 0.6 0.6) (thickness 0.127)))
    )
    (fp_text value 100u (at 0 3.8 90) (layer F.Fab)
      (effects (font (size 0.3 0.3) (thickness 0.03)))
    )
    (fp_text user %R (at 0 0 90) (layer F.Fab)
      (effects (font (size 0.4 0.4) (thickness 0.05)))
    )
    (fp_line (start -4.7 1.05) (end -3.55 1.05) (layer F.CrtYd) (width 0.05))
    (fp_line (start -4.7 -1.05) (end -4.7 1.05) (layer F.CrtYd) (width 0.05))
    (fp_line (start -3.55 -1.05) (end -4.7 -1.05) (layer F.CrtYd) (width 0.05))
    (fp_line (start -3.55 1.05) (end -3.55 2.55) (layer F.CrtYd) (width 0.05))
    (fp_line (start -3.55 -2.54) (end -3.55 -1.05) (layer F.CrtYd) (width 0.05))
    (fp_line (start -3.55 -2.54) (end -2.54 -3.55) (layer F.CrtYd) (width 0.05))
    (fp_line (start -3.55 2.55) (end -2.54 3.55) (layer F.CrtYd) (width 0.05))
    (fp_line (start -2.54 -3.55) (end 3.55 -3.55) (layer F.CrtYd) (width 0.05))
    (fp_line (start -2.54 3.55) (end 3.55 3.55) (layer F.CrtYd) (width 0.05))
    (fp_line (start 3.55 1.05) (end 3.55 3.55) (layer F.CrtYd) (width 0.05))
    (fp_line (start 4.7 1.05) (end 3.55 1.05) (layer F.CrtYd) (width 0.05))
    (fp_line (start 4.7 -1.05) (end 4.7 1.05) (layer F.CrtYd) (width 0.05))
    (fp_line (start 3.55 -1.05) (end 4.7 -1.05) (layer F.CrtYd) (width 0.05))
    (fp_line (start 3.55 -3.55) (end 3.55 -1.05) (layer F.CrtYd) (width 0.05))
    (fp_line (start -3.41 2.54) (end -2.54 3.41) (layer F.SilkS) (width 0.12))
    (fp_line (start -3.429 -2.54) (end -2.54 -3.41) (layer F.SilkS) (width 0.12))
    (fp_line (start -3.429 -2.54) (end -3.429 -1.0795) (layer F.SilkS) (width 0.12))
    (fp_line (start -3.41 2.54) (end -3.41 1.06) (layer F.SilkS) (width 0.12))
    (fp_line (start -2.54 3.41) (end 3.41 3.41) (layer F.SilkS) (width 0.12))
    (fp_line (start -2.54 -3.41) (end 3.41 -3.41) (layer F.SilkS) (width 0.12))
    (fp_line (start 3.41 -3.41) (end 3.41 -1.06) (layer F.SilkS) (width 0.12))
    (fp_line (start 3.41 3.41) (end 3.41 1.06) (layer F.SilkS) (width 0.12))
    (fp_line (start -2.389838 -1.645) (end -2.389838 -1.015) (layer F.Fab) (width 0.1))
    (fp_line (start -2.704838 -1.33) (end -2.074838 -1.33) (layer F.Fab) (width 0.1))
    (fp_line (start -3.3 2.5) (end -2.5 3.3) (layer F.Fab) (width 0.1))
    (fp_line (start -3.3 -2.54) (end -2.54 -3.3) (layer F.Fab) (width 0.1))
    (fp_line (start -3.3 -2.54) (end -3.3 2.5) (layer F.Fab) (width 0.1))
    (fp_line (start -2.5 3.3) (end 3.3 3.3) (layer F.Fab) (width 0.1))
    (fp_line (start -2.54 -3.3) (end 3.3 -3.3) (layer F.Fab) (width 0.1))
    (fp_line (start 3.3 -3.3) (end 3.3 3.3) (layer F.Fab) (width 0.1))
    (fp_circle (center 0 0) (end 3.15 0) (layer F.Fab) (width 0.1))
    (pad 2 smd roundrect (at 2.7 0 270) (size 3.5 1.6) (layers F.Cu F.Paste F.Mask) (roundrect_rratio 0.15625)
      (net 12 "Net-(Cs5-Pad2)"))
    (pad 1 smd roundrect (at -2.7 0 270) (size 3.5 1.6) (layers F.Cu F.Paste F.Mask) (roundrect_rratio 0.15625)
      (net 13 "Net-(Cs5-Pad1)"))
    (model ${LIB_MODULES}/Capacitors_Electrolytic_SMD.pretty/Nichicon_UWT1E101MCL1GS.step
      (at (xyz 0 0 0))
      (scale (xyz 1 1 1))
      (rotate (xyz 0 0 0))
    )
  )

  (gr_line (start 214.884 71.628) (end 222.885 71.628) (layer Edge.Cuts) (width 0.1))
  (gr_line (start 214.884 66.548) (end 214.884 71.628) (layer Edge.Cuts) (width 0.1))
  (gr_line (start 199.644 66.548) (end 214.884 66.548) (layer Edge.Cuts) (width 0.1))
  (gr_line (start 199.644 71.628) (end 199.644 66.548) (layer Edge.Cuts) (width 0.1))
  (gr_line (start 195.58 71.628) (end 199.644 71.628) (layer Edge.Cuts) (width 0.1))
  (gr_line (start 195.58 86.36) (end 195.58 71.628) (layer Edge.Cuts) (width 0.1))
  (gr_line (start 222.885 86.36) (end 195.58 86.36) (layer Edge.Cuts) (width 0.1))
  (gr_line (start 222.885 71.628) (end 222.885 86.36) (layer Edge.Cuts) (width 0.1))

  (segment (start 221.759711 79.377797) (end 220.628341 79.377797) (width 0.1524) (layer F.Cu) (net 6))
  (segment (start 205.74 69.385) (end 206.545 69.385) (width 0.1524) (layer F.Cu) (net 7))
  (segment (start 206.545 69.385) (end 206.8575 69.6975) (width 0.1524) (layer F.Cu) (net 7))
  (segment (start 206.8575 69.6975) (end 207.645 69.6975) (width 0.1524) (layer F.Cu) (net 7))
  (segment (start 208.4115 69.6975) (end 207.645 69.6975) (width 0.1524) (layer F.Cu) (net 7))
  (segment (start 208.549 69.835) (end 208.4115 69.6975) (width 0.1524) (layer F.Cu) (net 7))
  (segment (start 209.235 69.835) (end 208.549 69.835) (width 0.1524) (layer F.Cu) (net 7))
  (segment (start 204.47 68.58) (end 201.168 68.58) (width 0.1524) (layer F.Cu) (net 7))
  (segment (start 205.74 69.385) (end 205.275 69.385) (width 0.1524) (layer F.Cu) (net 7))
  (segment (start 205.275 69.385) (end 204.47 68.58) (width 0.1524) (layer F.Cu) (net 7))
  (segment (start 205.0365 71.585) (end 204.724 71.2725) (width 0.1524) (layer F.Cu) (net 8))
  (segment (start 204.724 71.2725) (end 203.835 71.2725) (width 0.1524) (layer F.Cu) (net 8))
  (segment (start 205.0365 71.585) (end 205.74 71.585) (width 0.1524) (layer F.Cu) (net 8))
  (segment (start 205.74 70.866) (end 205.74 71.585) (width 0.1524) (layer F.Cu) (net 8))
  (segment (start 209.235 70.485) (end 206.121 70.485) (width 0.1524) (layer F.Cu) (net 8))
  (segment (start 206.121 70.485) (end 205.74 70.866) (width 0.1524) (layer F.Cu) (net 8))
  (segment (start 205.98 72.6626) (end 205.74 72.4226) (width 0.1524) (layer F.Cu) (net 8))
  (segment (start 205.98 74.565) (end 205.98 72.6626) (width 0.1524) (layer F.Cu) (net 8))
  (segment (start 205.74 72.4226) (end 205.74 71.585) (width 0.1524) (layer F.Cu) (net 8))
  (segment (start 211.135 69.835) (end 211.135 70.485) (width 0.1524) (layer F.Cu) (net 9))
  (segment (start 211.9885 69.6975) (end 212.725 69.6975) (width 0.1524) (layer F.Cu) (net 9))
  (segment (start 211.135 69.835) (end 211.851 69.835) (width 0.1524) (layer F.Cu) (net 9))
