(kicad_pcb (version 20171130) (host pcbnew "(5.0.2)-1")

  (general
    (thickness 1.6)
    (drawings 10)
    (tracks 149)
    (zones 0)
    (modules 51)
    (nets 48)
  )

  (page A4)
  (layers
    (0 F.Cu signal)
    (31 B.Cu signal)
    (32 B.Adhes user)
    (33 F.Adhes user)
    (34 B.Paste user)
    (35 F.Paste user)
    (36 B.SilkS user)
    (37 F.SilkS user)
    (38 B.Mask user)
    (39 F.Mask user)
    (40 Dwgs.User user)
    (41 Cmts.User user)
    (42 Eco1.User user)
    (43 Eco2.User user)
    (44 Edge.Cuts user)
    (45 Margin user)
    (46 B.CrtYd user)
    (47 F.CrtYd user)
    (48 B.Fab user)
    (49 F.Fab user)
  )

  (setup
    (last_trace_width 0.381)
    (trace_clearance 0.381)
    (zone_clearance 0.508)
    (zone_45_only no)
    (trace_min 0.381)
    (segment_width 0.2)
    (edge_width 0.15)
    (via_size 0.8)
    (via_drill 0.4)
    (via_min_size 0.4)
    (via_min_drill 0.3)
    (uvia_size 0.3)
    (uvia_drill 0.1)
    (uvias_allowed no)
    (uvia_min_size 0.2)
    (uvia_min_drill 0.1)
    (pcb_text_width 0.3)
    (pcb_text_size 1.5 1.5)
    (mod_edge_width 0.15)
    (mod_text_size 1 1)
    (mod_text_width 0.15)
    (pad_size 1.524 1.524)
    (pad_drill 0.762)
    (pad_to_mask_clearance 0.051)
    (solder_mask_min_width 0.25)
    (aux_axis_origin 0 0)
    (visible_elements FFFFFF7F)
    (pcbplotparams
      (layerselection 0x010fc_ffffffff)
      (usegerberextensions false)
      (usegerberattributes false)
      (usegerberadvancedattributes false)
      (creategerberjobfile false)
      (excludeedgelayer true)
      (linewidth 0.050000)
      (plotframeref false)
      (viasonmask false)
      (mode 1)
      (useauxorigin false)
      (hpglpennumber 1)
      (hpglpenspeed 20)
      (hpglpendiameter 15.000000)
      (psnegative false)
      (psa4output false)
      (plotreference true)
      (plotvalue true)
      (plotinvisibletext false)
      (padsonsilk false)
      (subtractmaskfromsilk false)
      (outputformat 1)
      (mirror false)
      (drillshape 1)
      (scaleselection 1)
      (outputdirectory ""))
  )

  (net 0 "")
  (net 1 "Net-(Q5-Pad1)")
  (net 2 VREF)
  (net 3 "Net-(C9-Pad1)")
  (net 4 "Net-(C5-Pad1)")
  (net 5 "Net-(R10-Pad1)")
  (net 6 "Net-(C6-Pad2)")
  (net 7 SEND)
  (net 8 "Net-(C1-Pad1)")
  (net 9 "Net-(C1-Pad2)")
  (net 10 +9.0VDC)
  (net 11 "Net-(R4-Pad2)")
  (net 12 VBIAS)
  (net 13 "Net-(C3-Pad1)")
  (net 14 "Net-(R5-Pad2)")
  (net 15 "Net-(C3-Pad2)")
  (net 16 "Net-(R16-Pad2)")
  (net 17 "Net-(R14-Pad2)")
  (net 18 "Net-(C5-Pad2)")
  (net 19 "Net-(C6-Pad1)")
  (net 20 "Net-(R11-Pad2)")
  (net 21 "Net-(C7-Pad1)")
  (net 22 "Net-(C7-Pad2)")
  (net 23 "Net-(C8-Pad1)")
  (net 24 "Net-(C10-Pad1)")
  (net 25 "Net-(R21-Pad1)")
  (net 26 GND)
  (net 27 "Net-(C10-Pad2)")
  (net 28 RETURN)
  (net 29 "Net-(U3-Pad1)")
  (net 30 "Net-(U3-Pad5)")
  (net 31 "Net-(U3-Pad8)")
  (net 32 "Net-(U1-Pad8)")
  (net 33 "Net-(U1-Pad5)")
  (net 34 "Net-(U1-Pad1)")
  (net 35 "Net-(U2-Pad1)")
  (net 36 "Net-(U2-Pad5)")
  (net 37 "Net-(U2-Pad8)")
  (net 38 "Net-(U5-Pad8)")
  (net 39 "Net-(U5-Pad5)")
  (net 40 "Net-(U5-Pad1)")
  (net 41 "Net-(U6-Pad1)")
  (net 42 "Net-(U6-Pad5)")
  (net 43 "Net-(U6-Pad8)")
  (net 44 "Net-(U4-Pad8)")
  (net 45 "Net-(U4-Pad5)")
  (net 46 "Net-(U4-Pad1)")
  (net 47 "Net-(R18-Pad1)")

  (net_class Default "This is the default net class."
    (clearance 0.381)
    (trace_width 0.381)
    (via_dia 0.8)
    (via_drill 0.4)
    (uvia_dia 0.3)
    (uvia_drill 0.1)
    (diff_pair_gap 0.381)
    (diff_pair_width 0.381)
    (add_net "Net-(C1-Pad1)")
    (add_net "Net-(C1-Pad2)")
    (add_net "Net-(C10-Pad1)")
    (add_net "Net-(C10-Pad2)")
    (add_net "Net-(C3-Pad1)")
    (add_net "Net-(C3-Pad2)")
    (add_net "Net-(C5-Pad1)")
    (add_net "Net-(C5-Pad2)")
    (add_net "Net-(C6-Pad1)")
    (add_net "Net-(C6-Pad2)")
    (add_net "Net-(C7-Pad1)")
    (add_net "Net-(C7-Pad2)")
    (add_net "Net-(C8-Pad1)")
    (add_net "Net-(C9-Pad1)")
    (add_net "Net-(Q5-Pad1)")
    (add_net "Net-(R10-Pad1)")
    (add_net "Net-(R11-Pad2)")
    (add_net "Net-(R14-Pad2)")
    (add_net "Net-(R16-Pad2)")
    (add_net "Net-(R18-Pad1)")
    (add_net "Net-(R21-Pad1)")
    (add_net "Net-(R4-Pad2)")
    (add_net "Net-(R5-Pad2)")
    (add_net "Net-(U1-Pad1)")
    (add_net "Net-(U1-Pad5)")
    (add_net "Net-(U1-Pad8)")
    (add_net "Net-(U2-Pad1)")
    (add_net "Net-(U2-Pad5)")
    (add_net "Net-(U2-Pad8)")
    (add_net "Net-(U3-Pad1)")
    (add_net "Net-(U3-Pad5)")
    (add_net "Net-(U3-Pad8)")
    (add_net "Net-(U4-Pad1)")
    (add_net "Net-(U4-Pad5)")
    (add_net "Net-(U4-Pad8)")
    (add_net "Net-(U5-Pad1)")
    (add_net "Net-(U5-Pad5)")
    (add_net "Net-(U5-Pad8)")
    (add_net "Net-(U6-Pad1)")
    (add_net "Net-(U6-Pad5)")
    (add_net "Net-(U6-Pad8)")
    (add_net RETURN)
    (add_net SEND)
  )

  (net_class Power ""
    (clearance 0.381)
    (trace_width 0.762)
    (via_dia 0.8)
    (via_drill 0.4)
    (uvia_dia 0.3)
    (uvia_drill 0.1)
    (diff_pair_gap 0.762)
    (diff_pair_width 0.762)
    (add_net +9.0VDC)
    (add_net GND)
    (add_net VBIAS)
    (add_net VREF)
  )

  (module SA_Connectors_Wire:Wire_Pad_2x_1.2mm_Hole_2.0_Annular_2.54mm_Pitch (layer F.Cu) (tedit 5C595A30) (tstamp 5C756CF4)
    (at 176.53 97.79 90)
    (path /5C7FA0D7)
    (fp_text reference SW1 (at 0 0.5 90) (layer F.SilkS) hide
      (effects (font (size 0.5 0.5) (thickness 0.05)))
    )
    (fp_text value SW_SPST (at 0 -0.5 90) (layer F.Fab) hide
      (effects (font (size 0.5 0.5) (thickness 0.05)))
    )
    (pad 1 thru_hole circle (at -1.27 0 90) (size 2 2) (drill 1.2) (layers *.Cu *.Mask)
      (net 13 "Net-(C3-Pad1)"))
    (pad 2 thru_hole circle (at 1.27 0 90) (size 2 2) (drill 1.2) (layers *.Cu *.Mask)
      (net 47 "Net-(R18-Pad1)"))
  )

  (module SA_Capacitors_SMD:C_0603_1608M (layer B.Cu) (tedit 5C29EFC9) (tstamp 5C708DC9)
    (at 114.3 87.63 90)
    (path /5C6BF141)
    (attr smd)
    (fp_text reference C1 (at 0 1.1 90) (layer B.SilkS)
      (effects (font (size 0.6 0.6) (thickness 0.127)) (justify mirror))
    )
    (fp_text value 10n (at 0 -1 90) (layer B.Fab)
      (effects (font (size 0.3 0.3) (thickness 0.03)) (justify mirror))
    )
    (fp_text user %R (at 0 0 90) (layer B.Fab)
      (effects (font (size 0.4 0.4) (thickness 0.05)) (justify mirror))
    )
    (fp_line (start 1.48 -0.73) (end -1.48 -0.73) (layer B.CrtYd) (width 0.05))
    (fp_line (start 1.48 0.73) (end 1.48 -0.73) (layer B.CrtYd) (width 0.05))
    (fp_line (start -1.48 0.73) (end 1.48 0.73) (layer B.CrtYd) (width 0.05))
    (fp_line (start -1.48 -0.73) (end -1.48 0.73) (layer B.CrtYd) (width 0.05))
    (fp_line (start -0.162779 -0.51) (end 0.162779 -0.51) (layer B.SilkS) (width 0.12))
    (fp_line (start -0.162779 0.51) (end 0.162779 0.51) (layer B.SilkS) (width 0.12))
    (fp_line (start 0.8 -0.4) (end -0.8 -0.4) (layer B.Fab) (width 0.1))
    (fp_line (start 0.8 0.4) (end 0.8 -0.4) (layer B.Fab) (width 0.1))
    (fp_line (start -0.8 0.4) (end 0.8 0.4) (layer B.Fab) (width 0.1))
    (fp_line (start -0.8 -0.4) (end -0.8 0.4) (layer B.Fab) (width 0.1))
    (pad 2 smd roundrect (at 0.7875 0 90) (size 0.875 0.95) (layers B.Cu B.Paste B.Mask) (roundrect_rratio 0.25)
      (net 9 "Net-(C1-Pad2)"))
    (pad 1 smd roundrect (at -0.7875 0 90) (size 0.875 0.95) (layers B.Cu B.Paste B.Mask) (roundrect_rratio 0.25)
      (net 8 "Net-(C1-Pad1)"))
    (model ${SA_LIB_3DSHAPES}/Packages/C_0603_1608Metric.step
      (at (xyz 0 0 0))
      (scale (xyz 1 1 1))
      (rotate (xyz 0 0 0))
    )
  )

  (module SA_Capacitors_SMD:C_0603_1608M (layer B.Cu) (tedit 5C29EFC9) (tstamp 5C708DB8)
    (at 156.464 92.71)
    (path /5C723902)
    (attr smd)
    (fp_text reference C10 (at 0 1.1) (layer B.SilkS)
      (effects (font (size 0.6 0.6) (thickness 0.127)) (justify mirror))
    )
    (fp_text value 10n (at 0 -1) (layer B.Fab)
      (effects (font (size 0.3 0.3) (thickness 0.03)) (justify mirror))
    )
    (fp_line (start -0.8 -0.4) (end -0.8 0.4) (layer B.Fab) (width 0.1))
    (fp_line (start -0.8 0.4) (end 0.8 0.4) (layer B.Fab) (width 0.1))
    (fp_line (start 0.8 0.4) (end 0.8 -0.4) (layer B.Fab) (width 0.1))
    (fp_line (start 0.8 -0.4) (end -0.8 -0.4) (layer B.Fab) (width 0.1))
    (fp_line (start -0.162779 0.51) (end 0.162779 0.51) (layer B.SilkS) (width 0.12))
    (fp_line (start -0.162779 -0.51) (end 0.162779 -0.51) (layer B.SilkS) (width 0.12))
    (fp_line (start -1.48 -0.73) (end -1.48 0.73) (layer B.CrtYd) (width 0.05))
    (fp_line (start -1.48 0.73) (end 1.48 0.73) (layer B.CrtYd) (width 0.05))
    (fp_line (start 1.48 0.73) (end 1.48 -0.73) (layer B.CrtYd) (width 0.05))
    (fp_line (start 1.48 -0.73) (end -1.48 -0.73) (layer B.CrtYd) (width 0.05))
    (fp_text user %R (at 0 0) (layer B.Fab)
      (effects (font (size 0.4 0.4) (thickness 0.05)) (justify mirror))
    )
    (pad 1 smd roundrect (at -0.7875 0) (size 0.875 0.95) (layers B.Cu B.Paste B.Mask) (roundrect_rratio 0.25)
      (net 24 "Net-(C10-Pad1)"))
    (pad 2 smd roundrect (at 0.7875 0) (size 0.875 0.95) (layers B.Cu B.Paste B.Mask) (roundrect_rratio 0.25)
      (net 27 "Net-(C10-Pad2)"))
    (model ${SA_LIB_3DSHAPES}/Packages/C_0603_1608Metric.step
      (at (xyz 0 0 0))
      (scale (xyz 1 1 1))
      (rotate (xyz 0 0 0))
    )
  )

  (module SA_Capacitors_SMD:C_0603_1608M (layer B.Cu) (tedit 5C29EFC9) (tstamp 5C708DA7)
    (at 121.412 81.28)
    (path /5C6BF3A5)
    (attr smd)
    (fp_text reference C3 (at 0 1.1) (layer B.SilkS)
      (effects (font (size 0.6 0.6) (thickness 0.127)) (justify mirror))
    )
    (fp_text value 47n (at 0 -1) (layer B.Fab)
      (effects (font (size 0.3 0.3) (thickness 0.03)) (justify mirror))
    )
    (fp_text user %R (at 0 0) (layer B.Fab)
      (effects (font (size 0.4 0.4) (thickness 0.05)) (justify mirror))
    )
    (fp_line (start 1.48 -0.73) (end -1.48 -0.73) (layer B.CrtYd) (width 0.05))
    (fp_line (start 1.48 0.73) (end 1.48 -0.73) (layer B.CrtYd) (width 0.05))
    (fp_line (start -1.48 0.73) (end 1.48 0.73) (layer B.CrtYd) (width 0.05))
    (fp_line (start -1.48 -0.73) (end -1.48 0.73) (layer B.CrtYd) (width 0.05))
    (fp_line (start -0.162779 -0.51) (end 0.162779 -0.51) (layer B.SilkS) (width 0.12))
    (fp_line (start -0.162779 0.51) (end 0.162779 0.51) (layer B.SilkS) (width 0.12))
    (fp_line (start 0.8 -0.4) (end -0.8 -0.4) (layer B.Fab) (width 0.1))
    (fp_line (start 0.8 0.4) (end 0.8 -0.4) (layer B.Fab) (width 0.1))
    (fp_line (start -0.8 0.4) (end 0.8 0.4) (layer B.Fab) (width 0.1))
    (fp_line (start -0.8 -0.4) (end -0.8 0.4) (layer B.Fab) (width 0.1))
    (pad 2 smd roundrect (at 0.7875 0) (size 0.875 0.95) (layers B.Cu B.Paste B.Mask) (roundrect_rratio 0.25)
      (net 15 "Net-(C3-Pad2)"))
    (pad 1 smd roundrect (at -0.7875 0) (size 0.875 0.95) (layers B.Cu B.Paste B.Mask) (roundrect_rratio 0.25)
      (net 13 "Net-(C3-Pad1)"))
    (model ${SA_LIB_3DSHAPES}/Packages/C_0603_1608Metric.step
      (at (xyz 0 0 0))
      (scale (xyz 1 1 1))
      (rotate (xyz 0 0 0))
    )
  )

  (module SA_Capacitors_SMD:C_0603_1608M (layer B.Cu) (tedit 5C29EFC9) (tstamp 5C708D96)
    (at 134.366 91.44)
    (path /5C7B5739)
    (attr smd)
    (fp_text reference C4 (at 0 1.1) (layer B.SilkS)
      (effects (font (size 0.6 0.6) (thickness 0.127)) (justify mirror))
    )
    (fp_text value 47n (at 0 -1) (layer B.Fab)
      (effects (font (size 0.3 0.3) (thickness 0.03)) (justify mirror))
    )
    (fp_line (start -0.8 -0.4) (end -0.8 0.4) (layer B.Fab) (width 0.1))
    (fp_line (start -0.8 0.4) (end 0.8 0.4) (layer B.Fab) (width 0.1))
    (fp_line (start 0.8 0.4) (end 0.8 -0.4) (layer B.Fab) (width 0.1))
    (fp_line (start 0.8 -0.4) (end -0.8 -0.4) (layer B.Fab) (width 0.1))
    (fp_line (start -0.162779 0.51) (end 0.162779 0.51) (layer B.SilkS) (width 0.12))
    (fp_line (start -0.162779 -0.51) (end 0.162779 -0.51) (layer B.SilkS) (width 0.12))
    (fp_line (start -1.48 -0.73) (end -1.48 0.73) (layer B.CrtYd) (width 0.05))
    (fp_line (start -1.48 0.73) (end 1.48 0.73) (layer B.CrtYd) (width 0.05))
    (fp_line (start 1.48 0.73) (end 1.48 -0.73) (layer B.CrtYd) (width 0.05))
    (fp_line (start 1.48 -0.73) (end -1.48 -0.73) (layer B.CrtYd) (width 0.05))
    (fp_text user %R (at 0 0) (layer B.Fab)
      (effects (font (size 0.4 0.4) (thickness 0.05)) (justify mirror))
    )
    (pad 1 smd roundrect (at -0.7875 0) (size 0.875 0.95) (layers B.Cu B.Paste B.Mask) (roundrect_rratio 0.25)
      (net 2 VREF))
    (pad 2 smd roundrect (at 0.7875 0) (size 0.875 0.95) (layers B.Cu B.Paste B.Mask) (roundrect_rratio 0.25)
      (net 12 VBIAS))
    (model ${SA_LIB_3DSHAPES}/Packages/C_0603_1608Metric.step
      (at (xyz 0 0 0))
      (scale (xyz 1 1 1))
      (rotate (xyz 0 0 0))
    )
  )

  (module SA_Capacitors_SMD:C_0603_1608M (layer B.Cu) (tedit 5C29EFC9) (tstamp 5C708D85)
    (at 135.382 81.28)
    (path /5C6C1BF1)
    (attr smd)
    (fp_text reference C5 (at 0 1.1) (layer B.SilkS)
      (effects (font (size 0.6 0.6) (thickness 0.127)) (justify mirror))
    )
    (fp_text value 47n (at 0 -1) (layer B.Fab)
      (effects (font (size 0.3 0.3) (thickness 0.03)) (justify mirror))
    )
    (fp_text user %R (at 0 0) (layer B.Fab)
      (effects (font (size 0.4 0.4) (thickness 0.05)) (justify mirror))
    )
    (fp_line (start 1.48 -0.73) (end -1.48 -0.73) (layer B.CrtYd) (width 0.05))
    (fp_line (start 1.48 0.73) (end 1.48 -0.73) (layer B.CrtYd) (width 0.05))
    (fp_line (start -1.48 0.73) (end 1.48 0.73) (layer B.CrtYd) (width 0.05))
    (fp_line (start -1.48 -0.73) (end -1.48 0.73) (layer B.CrtYd) (width 0.05))
    (fp_line (start -0.162779 -0.51) (end 0.162779 -0.51) (layer B.SilkS) (width 0.12))
    (fp_line (start -0.162779 0.51) (end 0.162779 0.51) (layer B.SilkS) (width 0.12))
    (fp_line (start 0.8 -0.4) (end -0.8 -0.4) (layer B.Fab) (width 0.1))
    (fp_line (start 0.8 0.4) (end 0.8 -0.4) (layer B.Fab) (width 0.1))
    (fp_line (start -0.8 0.4) (end 0.8 0.4) (layer B.Fab) (width 0.1))
    (fp_line (start -0.8 -0.4) (end -0.8 0.4) (layer B.Fab) (width 0.1))
    (pad 2 smd roundrect (at 0.7875 0) (size 0.875 0.95) (layers B.Cu B.Paste B.Mask) (roundrect_rratio 0.25)
      (net 18 "Net-(C5-Pad2)"))
    (pad 1 smd roundrect (at -0.7875 0) (size 0.875 0.95) (layers B.Cu B.Paste B.Mask) (roundrect_rratio 0.25)
      (net 4 "Net-(C5-Pad1)"))
    (model ${SA_LIB_3DSHAPES}/Packages/C_0603_1608Metric.step
      (at (xyz 0 0 0))
      (scale (xyz 1 1 1))
      (rotate (xyz 0 0 0))
    )
  )

  (module SA_Capacitors_SMD:C_0603_1608M (layer B.Cu) (tedit 5C29EFC9) (tstamp 5C708D74)
    (at 149.352 81.28)
    (path /5C6C40C3)
    (attr smd)
    (fp_text reference C6 (at 0 1.1) (layer B.SilkS)
      (effects (font (size 0.6 0.6) (thickness 0.127)) (justify mirror))
    )
    (fp_text value 47n (at 0 -1) (layer B.Fab)
      (effects (font (size 0.3 0.3) (thickness 0.03)) (justify mirror))
    )
    (fp_line (start -0.8 -0.4) (end -0.8 0.4) (layer B.Fab) (width 0.1))
    (fp_line (start -0.8 0.4) (end 0.8 0.4) (layer B.Fab) (width 0.1))
    (fp_line (start 0.8 0.4) (end 0.8 -0.4) (layer B.Fab) (width 0.1))
    (fp_line (start 0.8 -0.4) (end -0.8 -0.4) (layer B.Fab) (width 0.1))
    (fp_line (start -0.162779 0.51) (end 0.162779 0.51) (layer B.SilkS) (width 0.12))
    (fp_line (start -0.162779 -0.51) (end 0.162779 -0.51) (layer B.SilkS) (width 0.12))
    (fp_line (start -1.48 -0.73) (end -1.48 0.73) (layer B.CrtYd) (width 0.05))
    (fp_line (start -1.48 0.73) (end 1.48 0.73) (layer B.CrtYd) (width 0.05))
    (fp_line (start 1.48 0.73) (end 1.48 -0.73) (layer B.CrtYd) (width 0.05))
    (fp_line (start 1.48 -0.73) (end -1.48 -0.73) (layer B.CrtYd) (width 0.05))
    (fp_text user %R (at 0 0) (layer B.Fab)
      (effects (font (size 0.4 0.4) (thickness 0.05)) (justify mirror))
    )
    (pad 1 smd roundrect (at -0.7875 0) (size 0.875 0.95) (layers B.Cu B.Paste B.Mask) (roundrect_rratio 0.25)
      (net 19 "Net-(C6-Pad1)"))
    (pad 2 smd roundrect (at 0.7875 0) (size 0.875 0.95) (layers B.Cu B.Paste B.Mask) (roundrect_rratio 0.25)
      (net 6 "Net-(C6-Pad2)"))
    (model ${SA_LIB_3DSHAPES}/Packages/C_0603_1608Metric.step
      (at (xyz 0 0 0))
      (scale (xyz 1 1 1))
      (rotate (xyz 0 0 0))
    )
  )

  (module SA_Capacitors_SMD:C_0603_1608M (layer B.Cu) (tedit 5C29EFC9) (tstamp 5C708D63)
    (at 163.322 81.28)
    (path /5C6C4103)
    (attr smd)
    (fp_text reference C7 (at 0 1.1) (layer B.SilkS)
      (effects (font (size 0.6 0.6) (thickness 0.127)) (justify mirror))
    )
    (fp_text value 47n (at 0 -1) (layer B.Fab)
      (effects (font (size 0.3 0.3) (thickness 0.03)) (justify mirror))
    )
    (fp_text user %R (at 0 0) (layer B.Fab)
      (effects (font (size 0.4 0.4) (thickness 0.05)) (justify mirror))
    )
    (fp_line (start 1.48 -0.73) (end -1.48 -0.73) (layer B.CrtYd) (width 0.05))
    (fp_line (start 1.48 0.73) (end 1.48 -0.73) (layer B.CrtYd) (width 0.05))
    (fp_line (start -1.48 0.73) (end 1.48 0.73) (layer B.CrtYd) (width 0.05))
    (fp_line (start -1.48 -0.73) (end -1.48 0.73) (layer B.CrtYd) (width 0.05))
    (fp_line (start -0.162779 -0.51) (end 0.162779 -0.51) (layer B.SilkS) (width 0.12))
    (fp_line (start -0.162779 0.51) (end 0.162779 0.51) (layer B.SilkS) (width 0.12))
    (fp_line (start 0.8 -0.4) (end -0.8 -0.4) (layer B.Fab) (width 0.1))
    (fp_line (start 0.8 0.4) (end 0.8 -0.4) (layer B.Fab) (width 0.1))
    (fp_line (start -0.8 0.4) (end 0.8 0.4) (layer B.Fab) (width 0.1))
    (fp_line (start -0.8 -0.4) (end -0.8 0.4) (layer B.Fab) (width 0.1))
    (pad 2 smd roundrect (at 0.7875 0) (size 0.875 0.95) (layers B.Cu B.Paste B.Mask) (roundrect_rratio 0.25)
      (net 22 "Net-(C7-Pad2)"))
    (pad 1 smd roundrect (at -0.7875 0) (size 0.875 0.95) (layers B.Cu B.Paste B.Mask) (roundrect_rratio 0.25)
      (net 21 "Net-(C7-Pad1)"))
    (model ${SA_LIB_3DSHAPES}/Packages/C_0603_1608Metric.step
      (at (xyz 0 0 0))
      (scale (xyz 1 1 1))
      (rotate (xyz 0 0 0))
    )
  )

  (module SA_Capacitors_SMD:C_0603_1608M (layer B.Cu) (tedit 5C29EFC9) (tstamp 5C708D52)
    (at 169.037 92.71 270)
    (path /5C6FEA96)
    (attr smd)
    (fp_text reference C9 (at 0 1.1 270) (layer B.SilkS)
      (effects (font (size 0.6 0.6) (thickness 0.127)) (justify mirror))
    )
    (fp_text value 47n (at 0 -1 270) (layer B.Fab)
      (effects (font (size 0.3 0.3) (thickness 0.03)) (justify mirror))
    )
    (fp_line (start -0.8 -0.4) (end -0.8 0.4) (layer B.Fab) (width 0.1))
    (fp_line (start -0.8 0.4) (end 0.8 0.4) (layer B.Fab) (width 0.1))
    (fp_line (start 0.8 0.4) (end 0.8 -0.4) (layer B.Fab) (width 0.1))
    (fp_line (start 0.8 -0.4) (end -0.8 -0.4) (layer B.Fab) (width 0.1))
    (fp_line (start -0.162779 0.51) (end 0.162779 0.51) (layer B.SilkS) (width 0.12))
    (fp_line (start -0.162779 -0.51) (end 0.162779 -0.51) (layer B.SilkS) (width 0.12))
    (fp_line (start -1.48 -0.73) (end -1.48 0.73) (layer B.CrtYd) (width 0.05))
    (fp_line (start -1.48 0.73) (end 1.48 0.73) (layer B.CrtYd) (width 0.05))
    (fp_line (start 1.48 0.73) (end 1.48 -0.73) (layer B.CrtYd) (width 0.05))
    (fp_line (start 1.48 -0.73) (end -1.48 -0.73) (layer B.CrtYd) (width 0.05))
    (fp_text user %R (at 0 0 270) (layer B.Fab)
      (effects (font (size 0.4 0.4) (thickness 0.05)) (justify mirror))
    )
    (pad 1 smd roundrect (at -0.7875 0 270) (size 0.875 0.95) (layers B.Cu B.Paste B.Mask) (roundrect_rratio 0.25)
      (net 3 "Net-(C9-Pad1)"))
    (pad 2 smd roundrect (at 0.7875 0 270) (size 0.875 0.95) (layers B.Cu B.Paste B.Mask) (roundrect_rratio 0.25)
      (net 28 RETURN))
    (model ${SA_LIB_3DSHAPES}/Packages/C_0603_1608Metric.step
      (at (xyz 0 0 0))
      (scale (xyz 1 1 1))
      (rotate (xyz 0 0 0))
    )
  )

  (module SA_Capacitors_SMD:Nichicon_UWT1V220MCL1GB_22uF_35V_6.3x5.4mm (layer B.Cu) (tedit 5C2561A1) (tstamp 5C708D41)
    (at 128.016 94.234 270)
    (descr "SMD capacitor, aluminum electrolytic, Nichicon, 6.3x5.4mm")
    (tags "capacitor electrolytic")
    (path /5C780F9F)
    (attr smd)
    (fp_text reference C2 (at 0 4 270) (layer B.SilkS)
      (effects (font (size 0.6 0.6) (thickness 0.127)) (justify mirror))
    )
    (fp_text value 15u (at 0 -3.8 270) (layer B.Fab)
      (effects (font (size 0.3 0.3) (thickness 0.03)) (justify mirror))
    )
    (fp_text user %R (at 0 0 270) (layer B.Fab)
      (effects (font (size 0.4 0.4) (thickness 0.05)) (justify mirror))
    )
    (fp_line (start -4.7 -1.05) (end -3.55 -1.05) (layer B.CrtYd) (width 0.05))
    (fp_line (start -4.7 1.05) (end -4.7 -1.05) (layer B.CrtYd) (width 0.05))
    (fp_line (start -3.55 1.05) (end -4.7 1.05) (layer B.CrtYd) (width 0.05))
    (fp_line (start -3.55 -1.05) (end -3.55 -2.4) (layer B.CrtYd) (width 0.05))
    (fp_line (start -3.55 2.4) (end -3.55 1.05) (layer B.CrtYd) (width 0.05))
    (fp_line (start -3.55 2.4) (end -2.4 3.55) (layer B.CrtYd) (width 0.05))
    (fp_line (start -3.55 -2.4) (end -2.4 -3.55) (layer B.CrtYd) (width 0.05))
    (fp_line (start -2.4 3.55) (end 3.55 3.55) (layer B.CrtYd) (width 0.05))
    (fp_line (start -2.4 -3.55) (end 3.55 -3.55) (layer B.CrtYd) (width 0.05))
    (fp_line (start 3.55 -1.05) (end 3.55 -3.55) (layer B.CrtYd) (width 0.05))
    (fp_line (start 4.7 -1.05) (end 3.55 -1.05) (layer B.CrtYd) (width 0.05))
    (fp_line (start 4.7 1.05) (end 4.7 -1.05) (layer B.CrtYd) (width 0.05))
    (fp_line (start 3.55 1.05) (end 4.7 1.05) (layer B.CrtYd) (width 0.05))
    (fp_line (start 3.55 3.55) (end 3.55 1.05) (layer B.CrtYd) (width 0.05))
    (fp_line (start -3.41 -2.345563) (end -2.345563 -3.41) (layer B.SilkS) (width 0.12))
    (fp_line (start -3.41 2.345563) (end -2.345563 3.41) (layer B.SilkS) (width 0.12))
    (fp_line (start -3.41 2.345563) (end -3.41 1.06) (layer B.SilkS) (width 0.12))
    (fp_line (start -3.41 -2.345563) (end -3.41 -1.06) (layer B.SilkS) (width 0.12))
    (fp_line (start -2.345563 -3.41) (end 3.41 -3.41) (layer B.SilkS) (width 0.12))
    (fp_line (start -2.345563 3.41) (end 3.41 3.41) (layer B.SilkS) (width 0.12))
    (fp_line (start 3.41 3.41) (end 3.41 1.06) (layer B.SilkS) (width 0.12))
    (fp_line (start 3.41 -3.41) (end 3.41 -1.06) (layer B.SilkS) (width 0.12))
    (fp_line (start -2.389838 1.645) (end -2.389838 1.015) (layer B.Fab) (width 0.1))
    (fp_line (start -2.704838 1.33) (end -2.074838 1.33) (layer B.Fab) (width 0.1))
    (fp_line (start -3.3 -2.3) (end -2.3 -3.3) (layer B.Fab) (width 0.1))
    (fp_line (start -3.3 2.3) (end -2.3 3.3) (layer B.Fab) (width 0.1))
    (fp_line (start -3.3 2.3) (end -3.3 -2.3) (layer B.Fab) (width 0.1))
    (fp_line (start -2.3 -3.3) (end 3.3 -3.3) (layer B.Fab) (width 0.1))
    (fp_line (start -2.3 3.3) (end 3.3 3.3) (layer B.Fab) (width 0.1))
    (fp_line (start 3.3 3.3) (end 3.3 -3.3) (layer B.Fab) (width 0.1))
    (fp_circle (center 0 0) (end 3.15 0) (layer B.Fab) (width 0.1))
    (pad 2 smd roundrect (at 2.7 0 270) (size 3.5 1.6) (layers B.Cu B.Paste B.Mask) (roundrect_rratio 0.15625)
      (net 26 GND))
    (pad 1 smd roundrect (at -2.7 0 270) (size 3.5 1.6) (layers B.Cu B.Paste B.Mask) (roundrect_rratio 0.15625)
      (net 2 VREF))
    (model ${SA_LIB_3DSHAPES}/Nichicon_UWT1V220MCL1GB_22uF_35V_6.3x5.4mm/Nichicon_UWT1V220MCL1GB_22uF_35V_6.3x5.4mm.step
      (at (xyz 0 0 0))
      (scale (xyz 1 1 1))
      (rotate (xyz 0 0 0))
    )
  )

  (module SA_Capacitors_SMD:Nichicon_UWT1V220MCL1GB_22uF_35V_6.3x5.4mm (layer B.Cu) (tedit 5C2561A1) (tstamp 5C708D1B)
    (at 144.399 93.98 270)
    (descr "SMD capacitor, aluminum electrolytic, Nichicon, 6.3x5.4mm")
    (tags "capacitor electrolytic")
    (path /5C754F61)
    (attr smd)
    (fp_text reference C8 (at 0 4 270) (layer B.SilkS)
      (effects (font (size 0.6 0.6) (thickness 0.127)) (justify mirror))
    )
    (fp_text value 15u (at 0 -3.8 270) (layer B.Fab)
      (effects (font (size 0.3 0.3) (thickness 0.03)) (justify mirror))
    )
    (fp_circle (center 0 0) (end 3.15 0) (layer B.Fab) (width 0.1))
    (fp_line (start 3.3 3.3) (end 3.3 -3.3) (layer B.Fab) (width 0.1))
    (fp_line (start -2.3 3.3) (end 3.3 3.3) (layer B.Fab) (width 0.1))
    (fp_line (start -2.3 -3.3) (end 3.3 -3.3) (layer B.Fab) (width 0.1))
    (fp_line (start -3.3 2.3) (end -3.3 -2.3) (layer B.Fab) (width 0.1))
    (fp_line (start -3.3 2.3) (end -2.3 3.3) (layer B.Fab) (width 0.1))
    (fp_line (start -3.3 -2.3) (end -2.3 -3.3) (layer B.Fab) (width 0.1))
    (fp_line (start -2.704838 1.33) (end -2.074838 1.33) (layer B.Fab) (width 0.1))
    (fp_line (start -2.389838 1.645) (end -2.389838 1.015) (layer B.Fab) (width 0.1))
    (fp_line (start 3.41 -3.41) (end 3.41 -1.06) (layer B.SilkS) (width 0.12))
    (fp_line (start 3.41 3.41) (end 3.41 1.06) (layer B.SilkS) (width 0.12))
    (fp_line (start -2.345563 3.41) (end 3.41 3.41) (layer B.SilkS) (width 0.12))
    (fp_line (start -2.345563 -3.41) (end 3.41 -3.41) (layer B.SilkS) (width 0.12))
    (fp_line (start -3.41 -2.345563) (end -3.41 -1.06) (layer B.SilkS) (width 0.12))
    (fp_line (start -3.41 2.345563) (end -3.41 1.06) (layer B.SilkS) (width 0.12))
    (fp_line (start -3.41 2.345563) (end -2.345563 3.41) (layer B.SilkS) (width 0.12))
    (fp_line (start -3.41 -2.345563) (end -2.345563 -3.41) (layer B.SilkS) (width 0.12))
    (fp_line (start 3.55 3.55) (end 3.55 1.05) (layer B.CrtYd) (width 0.05))
    (fp_line (start 3.55 1.05) (end 4.7 1.05) (layer B.CrtYd) (width 0.05))
    (fp_line (start 4.7 1.05) (end 4.7 -1.05) (layer B.CrtYd) (width 0.05))
    (fp_line (start 4.7 -1.05) (end 3.55 -1.05) (layer B.CrtYd) (width 0.05))
    (fp_line (start 3.55 -1.05) (end 3.55 -3.55) (layer B.CrtYd) (width 0.05))
    (fp_line (start -2.4 -3.55) (end 3.55 -3.55) (layer B.CrtYd) (width 0.05))
    (fp_line (start -2.4 3.55) (end 3.55 3.55) (layer B.CrtYd) (width 0.05))
    (fp_line (start -3.55 -2.4) (end -2.4 -3.55) (layer B.CrtYd) (width 0.05))
    (fp_line (start -3.55 2.4) (end -2.4 3.55) (layer B.CrtYd) (width 0.05))
    (fp_line (start -3.55 2.4) (end -3.55 1.05) (layer B.CrtYd) (width 0.05))
    (fp_line (start -3.55 -1.05) (end -3.55 -2.4) (layer B.CrtYd) (width 0.05))
    (fp_line (start -3.55 1.05) (end -4.7 1.05) (layer B.CrtYd) (width 0.05))
    (fp_line (start -4.7 1.05) (end -4.7 -1.05) (layer B.CrtYd) (width 0.05))
    (fp_line (start -4.7 -1.05) (end -3.55 -1.05) (layer B.CrtYd) (width 0.05))
    (fp_text user %R (at 0 0 270) (layer B.Fab)
      (effects (font (size 0.4 0.4) (thickness 0.05)) (justify mirror))
    )
    (pad 1 smd roundrect (at -2.7 0 270) (size 3.5 1.6) (layers B.Cu B.Paste B.Mask) (roundrect_rratio 0.15625)
      (net 23 "Net-(C8-Pad1)"))
    (pad 2 smd roundrect (at 2.7 0 270) (size 3.5 1.6) (layers B.Cu B.Paste B.Mask) (roundrect_rratio 0.15625)
      (net 26 GND))
    (model ${SA_LIB_3DSHAPES}/Nichicon_UWT1V220MCL1GB_22uF_35V_6.3x5.4mm/Nichicon_UWT1V220MCL1GB_22uF_35V_6.3x5.4mm.step
      (at (xyz 0 0 0))
      (scale (xyz 1 1 1))
      (rotate (xyz 0 0 0))
    )
  )

  (module SA_Connectors_Pin_Sockets_THT:PinSocket_01x03_P2.54mm (layer F.Cu) (tedit 5C6BEB9E) (tstamp 5C708CF5)
    (at 170.307 86.995 90)
    (descr "Through hole straight pin header, 1x03, 2.54mm pitch, single row")
    (tags "Through hole pin header THT 1x03 2.54mm single row")
    (path /5C6C4111)
    (fp_text reference Q4 (at 0 -4.74 90) (layer F.SilkS)
      (effects (font (size 0.6 0.6) (thickness 0.127)))
    )
    (fp_text value ON_Semi_MMBF5457_SOT-23-3 (at 0 4.55 90) (layer F.Fab)
      (effects (font (size 0.3 0.3) (thickness 0.03)))
    )
    (fp_text user %R (at 0 0 180) (layer F.Fab)
      (effects (font (size 0.4 0.4) (thickness 0.05)))
    )
    (fp_line (start -1.27 -3.175) (end -0.635 -3.81) (layer F.Fab) (width 0.1))
    (fp_line (start -1.27 3.81) (end -1.27 -3.175) (layer F.Fab) (width 0.1))
    (fp_line (start 1.27 3.81) (end -1.27 3.81) (layer F.Fab) (width 0.1))
    (fp_line (start 1.27 -3.81) (end 1.27 3.81) (layer F.Fab) (width 0.1))
    (fp_line (start -0.635 -3.81) (end 1.27 -3.81) (layer F.Fab) (width 0.1))
    (pad 3 thru_hole roundrect (at 0 2.54 90) (size 1.7 1.7) (drill 1) (layers *.Cu *.Mask) (roundrect_rratio 0.25)
      (net 12 VBIAS))
    (pad 2 thru_hole roundrect (at 0 0 90) (size 1.7 1.7) (drill 1) (layers *.Cu *.Mask) (roundrect_rratio 0.25)
      (net 22 "Net-(C7-Pad2)"))
    (pad 1 thru_hole roundrect (at 0 -2.54 90) (size 1.7 1.7) (drill 1) (layers *.Cu *.Mask) (roundrect_rratio 0.25)
      (net 2 VREF))
    (model ${SA_LIB_3DSHAPES}/Samtec_SS_Pin_Sockets/SS-103-G-2.step
      (at (xyz 0 0 0))
      (scale (xyz 1 1 1))
      (rotate (xyz 0 0 0))
    )
  )

  (module SA_Connectors_Pin_Sockets_THT:PinSocket_01x03_P2.54mm (layer F.Cu) (tedit 5C6BEB9E) (tstamp 5C708CE8)
    (at 128.397 86.995 90)
    (descr "Through hole straight pin header, 1x03, 2.54mm pitch, single row")
    (tags "Through hole pin header THT 1x03 2.54mm single row")
    (path /5C6BF5B9)
    (fp_text reference Q1 (at 0 -4.74 90) (layer F.SilkS)
      (effects (font (size 0.6 0.6) (thickness 0.127)))
    )
    (fp_text value ON_Semi_MMBF5457_SOT-23-3 (at 0 4.55 90) (layer F.Fab)
      (effects (font (size 0.3 0.3) (thickness 0.03)))
    )
    (fp_line (start -0.635 -3.81) (end 1.27 -3.81) (layer F.Fab) (width 0.1))
    (fp_line (start 1.27 -3.81) (end 1.27 3.81) (layer F.Fab) (width 0.1))
    (fp_line (start 1.27 3.81) (end -1.27 3.81) (layer F.Fab) (width 0.1))
    (fp_line (start -1.27 3.81) (end -1.27 -3.175) (layer F.Fab) (width 0.1))
    (fp_line (start -1.27 -3.175) (end -0.635 -3.81) (layer F.Fab) (width 0.1))
    (fp_text user %R (at 0 0 180) (layer F.Fab)
      (effects (font (size 0.4 0.4) (thickness 0.05)))
    )
    (pad 1 thru_hole roundrect (at 0 -2.54 90) (size 1.7 1.7) (drill 1) (layers *.Cu *.Mask) (roundrect_rratio 0.25)
      (net 2 VREF))
    (pad 2 thru_hole roundrect (at 0 0 90) (size 1.7 1.7) (drill 1) (layers *.Cu *.Mask) (roundrect_rratio 0.25)
      (net 15 "Net-(C3-Pad2)"))
    (pad 3 thru_hole roundrect (at 0 2.54 90) (size 1.7 1.7) (drill 1) (layers *.Cu *.Mask) (roundrect_rratio 0.25)
      (net 12 VBIAS))
    (model ${SA_LIB_3DSHAPES}/Samtec_SS_Pin_Sockets/SS-103-G-2.step
      (at (xyz 0 0 0))
      (scale (xyz 1 1 1))
      (rotate (xyz 0 0 0))
    )
  )

  (module SA_Connectors_Pin_Sockets_THT:PinSocket_01x03_P2.54mm (layer F.Cu) (tedit 5C6BEB9E) (tstamp 5C708CDB)
    (at 142.367 86.995 90)
    (descr "Through hole straight pin header, 1x03, 2.54mm pitch, single row")
    (tags "Through hole pin header THT 1x03 2.54mm single row")
    (path /5C6C1BFF)
    (fp_text reference Q2 (at 0 -4.74 90) (layer F.SilkS)
      (effects (font (size 0.6 0.6) (thickness 0.127)))
    )
    (fp_text value ON_Semi_MMBF5457_SOT-23-3 (at 0 4.55 90) (layer F.Fab)
      (effects (font (size 0.3 0.3) (thickness 0.03)))
    )
    (fp_text user %R (at 0 0 180) (layer F.Fab)
      (effects (font (size 0.4 0.4) (thickness 0.05)))
    )
    (fp_line (start -1.27 -3.175) (end -0.635 -3.81) (layer F.Fab) (width 0.1))
    (fp_line (start -1.27 3.81) (end -1.27 -3.175) (layer F.Fab) (width 0.1))
    (fp_line (start 1.27 3.81) (end -1.27 3.81) (layer F.Fab) (width 0.1))
    (fp_line (start 1.27 -3.81) (end 1.27 3.81) (layer F.Fab) (width 0.1))
    (fp_line (start -0.635 -3.81) (end 1.27 -3.81) (layer F.Fab) (width 0.1))
    (pad 3 thru_hole roundrect (at 0 2.54 90) (size 1.7 1.7) (drill 1) (layers *.Cu *.Mask) (roundrect_rratio 0.25)
      (net 12 VBIAS))
    (pad 2 thru_hole roundrect (at 0 0 90) (size 1.7 1.7) (drill 1) (layers *.Cu *.Mask) (roundrect_rratio 0.25)
      (net 18 "Net-(C5-Pad2)"))
    (pad 1 thru_hole roundrect (at 0 -2.54 90) (size 1.7 1.7) (drill 1) (layers *.Cu *.Mask) (roundrect_rratio 0.25)
      (net 2 VREF))
    (model ${SA_LIB_3DSHAPES}/Samtec_SS_Pin_Sockets/SS-103-G-2.step
      (at (xyz 0 0 0))
      (scale (xyz 1 1 1))
      (rotate (xyz 0 0 0))
    )
  )

  (module SA_Connectors_Pin_Sockets_THT:PinSocket_01x03_P2.54mm (layer F.Cu) (tedit 5C6BEB9E) (tstamp 5C708CCE)
    (at 156.337 86.995 90)
    (descr "Through hole straight pin header, 1x03, 2.54mm pitch, single row")
    (tags "Through hole pin header THT 1x03 2.54mm single row")
    (path /5C6C40D1)
    (fp_text reference Q3 (at 0 -4.74 90) (layer F.SilkS)
      (effects (font (size 0.6 0.6) (thickness 0.127)))
    )
    (fp_text value ON_Semi_MMBF5457_SOT-23-3 (at 0 4.55 90) (layer F.Fab)
      (effects (font (size 0.3 0.3) (thickness 0.03)))
    )
    (fp_line (start -0.635 -3.81) (end 1.27 -3.81) (layer F.Fab) (width 0.1))
    (fp_line (start 1.27 -3.81) (end 1.27 3.81) (layer F.Fab) (width 0.1))
    (fp_line (start 1.27 3.81) (end -1.27 3.81) (layer F.Fab) (width 0.1))
    (fp_line (start -1.27 3.81) (end -1.27 -3.175) (layer F.Fab) (width 0.1))
    (fp_line (start -1.27 -3.175) (end -0.635 -3.81) (layer F.Fab) (width 0.1))
    (fp_text user %R (at 0 0 180) (layer F.Fab)
      (effects (font (size 0.4 0.4) (thickness 0.05)))
    )
    (pad 1 thru_hole roundrect (at 0 -2.54 90) (size 1.7 1.7) (drill 1) (layers *.Cu *.Mask) (roundrect_rratio 0.25)
      (net 2 VREF))
    (pad 2 thru_hole roundrect (at 0 0 90) (size 1.7 1.7) (drill 1) (layers *.Cu *.Mask) (roundrect_rratio 0.25)
      (net 6 "Net-(C6-Pad2)"))
    (pad 3 thru_hole roundrect (at 0 2.54 90) (size 1.7 1.7) (drill 1) (layers *.Cu *.Mask) (roundrect_rratio 0.25)
      (net 12 VBIAS))
    (model ${SA_LIB_3DSHAPES}/Samtec_SS_Pin_Sockets/SS-103-G-2.step
      (at (xyz 0 0 0))
      (scale (xyz 1 1 1))
      (rotate (xyz 0 0 0))
    )
  )

  (module SA_Connectors_Wire:Wire_Pad_3x_1.2mm_Hole_2.0_Annular_2.54mm_Pitch (layer F.Cu) (tedit 5C595A9F) (tstamp 5C708CC1)
    (at 170.18 96.52 180)
    (path /5C73CB89)
    (fp_text reference RV1 (at 0 1.27 180) (layer F.SilkS) hide
      (effects (font (size 0.5 0.5) (thickness 0.05)))
    )
    (fp_text value 500k (at 0 -1.27 180) (layer F.Fab) hide
      (effects (font (size 0.5 0.5) (thickness 0.05)))
    )
    (pad 1 thru_hole circle (at -2.54 0 180) (size 2 2) (drill 1.2) (layers *.Cu *.Mask)
      (net 23 "Net-(C8-Pad1)"))
    (pad 2 thru_hole circle (at 0 0 180) (size 2 2) (drill 1.2) (layers *.Cu *.Mask)
      (net 23 "Net-(C8-Pad1)"))
    (pad 3 thru_hole circle (at 2.54 0 180) (size 2 2) (drill 1.2) (layers *.Cu *.Mask)
      (net 27 "Net-(C10-Pad2)"))
  )

  (module SA_Diodes_SMD:ON_Semi_1N4148WS_SOD-323F-2 (layer B.Cu) (tedit 5C2425F3) (tstamp 5C708CBA)
    (at 122.936 96.139 270)
    (path /5C7DAA42)
    (attr smd)
    (fp_text reference D1 (at 0 1.3 270) (layer B.SilkS)
      (effects (font (size 0.6 0.6) (thickness 0.127)) (justify mirror))
    )
    (fp_text value ON_Semi_1N4148WS (at 0 -1.15 270) (layer B.Fab)
      (effects (font (size 0.3 0.3) (thickness 0.03)) (justify mirror))
    )
    (fp_line (start 0.85 0.625) (end -0.85 0.625) (layer B.Fab) (width 0.1))
    (fp_line (start 0.85 -0.625) (end 0.85 0.625) (layer B.Fab) (width 0.1))
    (fp_line (start -0.85 -0.625) (end 0.85 -0.625) (layer B.Fab) (width 0.1))
    (fp_line (start -0.85 0.625) (end -0.85 -0.625) (layer B.Fab) (width 0.1))
    (fp_line (start -1.6 0.75) (end 1.6 0.75) (layer B.SilkS) (width 0.12))
    (fp_line (start -1.6 -0.75) (end 1.6 -0.75) (layer B.SilkS) (width 0.12))
    (fp_line (start -1.7 0.9) (end -1.7 -0.9) (layer B.CrtYd) (width 0.05))
    (fp_line (start -1.7 -0.9) (end 1.7 -0.9) (layer B.CrtYd) (width 0.05))
    (fp_line (start 1.7 0.9) (end 1.7 -0.9) (layer B.CrtYd) (width 0.05))
    (fp_line (start -1.7 0.9) (end 1.7 0.9) (layer B.CrtYd) (width 0.05))
    (fp_line (start -0.6375 0.6) (end -0.6375 -0.6) (layer B.Fab) (width 0.1))
    (fp_line (start -1.6 0.75) (end -1.6 -0.75) (layer B.SilkS) (width 0.12))
    (fp_text user %R (at 0 0 90) (layer B.Fab)
      (effects (font (size 0.4 0.4) (thickness 0.05)) (justify mirror))
    )
    (pad 2 smd roundrect (at 1.1 0 270) (size 0.75 0.75) (layers B.Cu B.Paste B.Mask) (roundrect_rratio 0.25)
      (net 26 GND))
    (pad 1 smd roundrect (at -1.1 0 270) (size 0.75 0.75) (layers B.Cu B.Paste B.Mask) (roundrect_rratio 0.25)
      (net 2 VREF))
    (model ${SA_LIB_3DSHAPES}/ON_Semi_1N4148WS_SOD-323F-2/ON_Semi_1N4148WS_SOD-323F-2.step
      (at (xyz 0 0 0))
      (scale (xyz 1 1 1))
      (rotate (xyz 0 0 0))
    )
  )

  (module SA_Diodes_SMD:ON_Semi_1SMA5918BT3G_SMA_DO-214AC (layer B.Cu) (tedit 5C242939) (tstamp 5C708CA7)
    (at 119.761 94.234 270)
    (path /5C77B3C5)
    (attr smd)
    (fp_text reference D2 (at 0 2 270) (layer B.SilkS)
      (effects (font (size 0.6 0.6) (thickness 0.127)) (justify mirror))
    )
    (fp_text value ON_Semi_1SMA5918BT3G (at 0 -1.9 270) (layer B.Fab)
      (effects (font (size 0.3 0.3) (thickness 0.03)) (justify mirror))
    )
    (fp_line (start -3.2 1.45) (end 2.9 1.45) (layer B.SilkS) (width 0.2))
    (fp_line (start -3.2 -1.45) (end 2.9 -1.45) (layer B.SilkS) (width 0.2))
    (fp_line (start -1.62 1.3) (end -1.62 -1.3) (layer B.Fab) (width 0.1))
    (fp_line (start -3.4 -1.6) (end -3.4 1.6) (layer B.CrtYd) (width 0.05))
    (fp_line (start 3.1 -1.6) (end -3.4 -1.6) (layer B.CrtYd) (width 0.05))
    (fp_line (start 3.1 1.6) (end 3.1 -1.6) (layer B.CrtYd) (width 0.05))
    (fp_line (start -3.4 1.6) (end 3.1 1.6) (layer B.CrtYd) (width 0.05))
    (fp_line (start 2.16 1.3) (end -2.16 1.3) (layer B.Fab) (width 0.1))
    (fp_line (start 2.16 1.3) (end 2.16 -1.3) (layer B.Fab) (width 0.1))
    (fp_line (start -2.16 -1.3) (end -2.16 1.3) (layer B.Fab) (width 0.1))
    (fp_line (start 2.16 -1.3) (end -2.16 -1.3) (layer B.Fab) (width 0.1))
    (fp_line (start -3.2 1.45) (end -3.2 -1.45) (layer B.SilkS) (width 0.2))
    (fp_text user %R (at 0 0 270) (layer B.Fab)
      (effects (font (size 0.4 0.4) (thickness 0.05)) (justify mirror))
    )
    (pad 2 smd roundrect (at 2 0 270) (size 2 2) (layers B.Cu B.Paste B.Mask) (roundrect_rratio 0.25)
      (net 26 GND))
    (pad 1 smd roundrect (at -2 0 270) (size 2 2) (layers B.Cu B.Paste B.Mask) (roundrect_rratio 0.25)
      (net 2 VREF))
    (model ${SA_LIB_3DSHAPES}/ON_Semi_1SMA5918BT3G_SMA_DO-214AC/ON_Semi_1SMA5918BT3G_SMA_DO-214AC.step
      (at (xyz 0 0 0))
      (scale (xyz 1 1 1))
      (rotate (xyz 0 0 0))
    )
  )

  (module SA_Packages:DIP-8_W7.62mm_Socketed (layer F.Cu) (tedit 5C264FFF) (tstamp 5C708C94)
    (at 152.527 76.2)
    (descr "8-lead though-hole mounted DIP package, row spacing 7.62 mm (300 mils), Socket, LongPads")
    (tags "THT DIP DIL PDIP 2.54mm 7.62mm 300mil Socket LongPads")
    (path /5C6C40DF)
    (fp_text reference U4 (at 3.81 -2.032) (layer F.SilkS)
      (effects (font (size 0.6 0.6) (thickness 0.127)))
    )
    (fp_text value TL061 (at 3.81 9.652) (layer F.Fab)
      (effects (font (size 0.3 0.3) (thickness 0.03)))
    )
    (fp_text user %R (at 3.81 3.81) (layer F.Fab)
      (effects (font (size 0.4 0.4) (thickness 0.05)))
    )
    (fp_line (start 9.15 -1.6) (end -1.55 -1.6) (layer F.CrtYd) (width 0.05))
    (fp_line (start 9.15 9.2) (end 9.15 -1.6) (layer F.CrtYd) (width 0.05))
    (fp_line (start -1.55 9.2) (end 9.15 9.2) (layer F.CrtYd) (width 0.05))
    (fp_line (start -1.55 -1.6) (end -1.55 9.2) (layer F.CrtYd) (width 0.05))
    (fp_line (start 6.06 -1.33) (end 4.81 -1.33) (layer F.SilkS) (width 0.12))
    (fp_line (start 6.06 8.95) (end 6.06 -1.33) (layer F.SilkS) (width 0.12))
    (fp_line (start 1.56 8.95) (end 6.06 8.95) (layer F.SilkS) (width 0.12))
    (fp_line (start 1.56 -1.33) (end 1.56 8.95) (layer F.SilkS) (width 0.12))
    (fp_line (start 2.81 -1.33) (end 1.56 -1.33) (layer F.SilkS) (width 0.12))
    (fp_line (start 8.89 -1.33) (end -1.27 -1.33) (layer F.Fab) (width 0.1))
    (fp_line (start 8.89 8.95) (end 8.89 -1.33) (layer F.Fab) (width 0.1))
    (fp_line (start -1.27 8.95) (end 8.89 8.95) (layer F.Fab) (width 0.1))
    (fp_line (start -1.27 -1.33) (end -1.27 8.95) (layer F.Fab) (width 0.1))
    (fp_line (start 0.635 -0.27) (end 1.635 -1.27) (layer F.Fab) (width 0.1))
    (fp_line (start 0.635 8.89) (end 0.635 -0.27) (layer F.Fab) (width 0.1))
    (fp_line (start 6.985 8.89) (end 0.635 8.89) (layer F.Fab) (width 0.1))
    (fp_line (start 6.985 -1.27) (end 6.985 8.89) (layer F.Fab) (width 0.1))
