(kicad_pcb (version 20171130) (host pcbnew "(5.0.2)-1")

  (general
    (thickness 1.6)
    (drawings 4)
    (tracks 23)
    (zones 0)
    (modules 11)
    (nets 8)
  )

  (page A4)
  (layers
    (0 F.Cu signal)
    (31 B.Cu signal)
    (32 B.Adhes user)
    (33 F.Adhes user)
    (34 B.Paste user)
    (35 F.Paste user)
    (36 B.SilkS user)
    (37 F.SilkS user)
    (38 B.Mask user)
    (39 F.Mask user)
    (40 Dwgs.User user)
    (41 Cmts.User user)
    (42 Eco1.User user)
    (43 Eco2.User user)
    (44 Edge.Cuts user)
    (45 Margin user)
    (46 B.CrtYd user)
    (47 F.CrtYd user)
    (48 B.Fab user)
    (49 F.Fab user)
  )

  (setup
    (last_trace_width 0.25)
    (trace_clearance 0.2)
    (zone_clearance 0.508)
    (zone_45_only no)
    (trace_min 0.2)
    (segment_width 0.2)
    (edge_width 0.15)
    (via_size 0.8)
    (via_drill 0.4)
    (via_min_size 0.4)
    (via_min_drill 0.3)
    (uvia_size 0.3)
    (uvia_drill 0.1)
    (uvias_allowed no)
    (uvia_min_size 0.2)
    (uvia_min_drill 0.1)
    (pcb_text_width 0.3)
    (pcb_text_size 1.5 1.5)
    (mod_edge_width 0.15)
    (mod_text_size 1 1)
    (mod_text_width 0.15)
    (pad_size 1.524 1.524)
    (pad_drill 0.762)
    (pad_to_mask_clearance 0.051)
    (solder_mask_min_width 0.25)
    (aux_axis_origin 0 0)
    (visible_elements FFFFFF7F)
    (pcbplotparams
      (layerselection 0x010fc_ffffffff)
      (usegerberextensions false)
      (usegerberattributes false)
      (usegerberadvancedattributes false)
      (creategerberjobfile false)
      (excludeedgelayer true)
      (linewidth 0.050000)
      (plotframeref false)
      (viasonmask false)
      (mode 1)
      (useauxorigin false)
      (hpglpennumber 1)
      (hpglpenspeed 20)
      (hpglpendiameter 15.000000)
      (psnegative false)
      (psa4output false)
      (plotreference true)
      (plotvalue true)
      (plotinvisibletext false)
      (padsonsilk false)
      (subtractmaskfromsilk false)
      (outputformat 1)
      (mirror false)
      (drillshape 1)
      (scaleselection 1)
      (outputdirectory ""))
  )

  (net 0 "")
  (net 1 "Net-(C1-Pad2)")
  (net 2 "Net-(Q1-Pad2)")
  (net 3 "Net-(C2-Pad1)")
  (net 4 "Net-(R1-Pad1)")
  (net 5 "Net-(C1-Pad1)")
  (net 6 "Net-(R2-Pad2)")
  (net 7 "Net-(C2-Pad2)")

  (net_class Default "This is the default net class."
    (clearance 0.2)
    (trace_width 0.25)
    (via_dia 0.8)
    (via_drill 0.4)
    (uvia_dia 0.3)
    (uvia_drill 0.1)
    (add_net "Net-(C1-Pad1)")
    (add_net "Net-(C1-Pad2)")
    (add_net "Net-(C2-Pad1)")
    (add_net "Net-(C2-Pad2)")
    (add_net "Net-(Q1-Pad2)")
    (add_net "Net-(R1-Pad1)")
    (add_net "Net-(R2-Pad2)")
  )

  (module SA_Connectors_Pin_Headers_THT:PinHeader_1x08_P2.54mm_Vertical_Bottom (layer F.Cu) (tedit 5C2D5593) (tstamp 5C613F48)
    (at 157.48 83.82 90)
    (descr "Through hole straight pin header, 1x08, 2.54mm pitch, single row")
    (tags "Through hole pin header THT 1x08 2.54mm single row")
    (fp_text reference REF** (at 0 -2.23 90) (layer F.SilkS)
      (effects (font (size 0.6 0.6) (thickness 0.127)))
    )
    (fp_text value PinHeader_1x08_P2.54mm_Vertical_Bottom (at 0 19.8 90) (layer F.Fab)
      (effects (font (size 0.3 0.3) (thickness 0.03)))
    )
    (fp_line (start -0.635 -1.27) (end 1.27 -1.27) (layer B.Fab) (width 0.1))
    (fp_line (start 1.27 -1.27) (end 1.27 19.05) (layer B.Fab) (width 0.1))
    (fp_line (start 1.27 19.05) (end -1.27 19.05) (layer B.Fab) (width 0.1))
    (fp_line (start -1.27 19.05) (end -1.27 -0.635) (layer B.Fab) (width 0.1))
    (fp_line (start -1.27 -0.635) (end -0.635 -1.27) (layer B.Fab) (width 0.1))
    (fp_line (start -1.8 -1.8) (end -1.8 19.55) (layer F.CrtYd) (width 0.05))
    (fp_line (start -1.8 19.55) (end 1.8 19.55) (layer F.CrtYd) (width 0.05))
    (fp_line (start 1.8 19.55) (end 1.8 -1.8) (layer F.CrtYd) (width 0.05))
    (fp_line (start 1.8 -1.8) (end -1.8 -1.8) (layer F.CrtYd) (width 0.05))
    (fp_text user %R (at 0 8.89 180) (layer F.Fab)
      (effects (font (size 0.5 0.5) (thickness 0.05)))
    )
    (pad 1 thru_hole roundrect (at 0 0 90) (size 1.7 1.7) (drill 1) (layers *.Cu *.Mask) (roundrect_rratio 0.25))
    (pad 2 thru_hole roundrect (at 0 2.54 90) (size 1.7 1.7) (drill 1) (layers *.Cu *.Mask) (roundrect_rratio 0.25))
    (pad 3 thru_hole roundrect (at 0 5.08 90) (size 1.7 1.7) (drill 1) (layers *.Cu *.Mask) (roundrect_rratio 0.25))
    (pad 4 thru_hole roundrect (at 0 7.62 90) (size 1.7 1.7) (drill 1) (layers *.Cu *.Mask) (roundrect_rratio 0.25))
    (pad 5 thru_hole roundrect (at 0 10.16 90) (size 1.7 1.7) (drill 1) (layers *.Cu *.Mask) (roundrect_rratio 0.25))
    (pad 6 thru_hole roundrect (at 0 12.7 90) (size 1.7 1.7) (drill 1) (layers *.Cu *.Mask) (roundrect_rratio 0.25))
    (pad 7 thru_hole roundrect (at 0 15.24 90) (size 1.7 1.7) (drill 1) (layers *.Cu *.Mask) (roundrect_rratio 0.25))
    (pad 8 thru_hole roundrect (at 0 17.78 90) (size 1.7 1.7) (drill 1) (layers *.Cu *.Mask) (roundrect_rratio 0.25))
    (model ${SA_LIB_3DSHAPES}/Packages/PinHeader_1x08_P254mm_Vertical_Bottom.step
      (at (xyz 0 0 0))
      (scale (xyz 1 1 1))
      (rotate (xyz 0 0 0))
    )
  )

  (module SA_Connectors_Pin_Headers_THT:PinHeader_1x08_P2.54mm_Vertical_Bottom (layer F.Cu) (tedit 5C2D5593) (tstamp 5C613EB9)
    (at 175.26 86.36)
    (descr "Through hole straight pin header, 1x08, 2.54mm pitch, single row")
    (tags "Through hole pin header THT 1x08 2.54mm single row")
    (fp_text reference REF** (at 0 -2.23) (layer F.SilkS)
      (effects (font (size 0.6 0.6) (thickness 0.127)))
    )
    (fp_text value PinHeader_1x08_P2.54mm_Vertical_Bottom (at 0 19.8) (layer F.Fab)
      (effects (font (size 0.3 0.3) (thickness 0.03)))
    )
    (fp_line (start -0.635 -1.27) (end 1.27 -1.27) (layer B.Fab) (width 0.1))
    (fp_line (start 1.27 -1.27) (end 1.27 19.05) (layer B.Fab) (width 0.1))
    (fp_line (start 1.27 19.05) (end -1.27 19.05) (layer B.Fab) (width 0.1))
    (fp_line (start -1.27 19.05) (end -1.27 -0.635) (layer B.Fab) (width 0.1))
    (fp_line (start -1.27 -0.635) (end -0.635 -1.27) (layer B.Fab) (width 0.1))
    (fp_line (start -1.8 -1.8) (end -1.8 19.55) (layer F.CrtYd) (width 0.05))
    (fp_line (start -1.8 19.55) (end 1.8 19.55) (layer F.CrtYd) (width 0.05))
    (fp_line (start 1.8 19.55) (end 1.8 -1.8) (layer F.CrtYd) (width 0.05))
    (fp_line (start 1.8 -1.8) (end -1.8 -1.8) (layer F.CrtYd) (width 0.05))
    (fp_text user %R (at 0 8.89 90) (layer F.Fab)
      (effects (font (size 0.5 0.5) (thickness 0.05)))
    )
    (pad 1 thru_hole roundrect (at 0 0) (size 1.7 1.7) (drill 1) (layers *.Cu *.Mask) (roundrect_rratio 0.25))
    (pad 2 thru_hole roundrect (at 0 2.54) (size 1.7 1.7) (drill 1) (layers *.Cu *.Mask) (roundrect_rratio 0.25))
    (pad 3 thru_hole roundrect (at 0 5.08) (size 1.7 1.7) (drill 1) (layers *.Cu *.Mask) (roundrect_rratio 0.25))
    (pad 4 thru_hole roundrect (at 0 7.62) (size 1.7 1.7) (drill 1) (layers *.Cu *.Mask) (roundrect_rratio 0.25))
    (pad 5 thru_hole roundrect (at 0 10.16) (size 1.7 1.7) (drill 1) (layers *.Cu *.Mask) (roundrect_rratio 0.25))
    (pad 6 thru_hole roundrect (at 0 12.7) (size 1.7 1.7) (drill 1) (layers *.Cu *.Mask) (roundrect_rratio 0.25))
    (pad 7 thru_hole roundrect (at 0 15.24) (size 1.7 1.7) (drill 1) (layers *.Cu *.Mask) (roundrect_rratio 0.25))
    (pad 8 thru_hole roundrect (at 0 17.78) (size 1.7 1.7) (drill 1) (layers *.Cu *.Mask) (roundrect_rratio 0.25))
    (model ${SA_LIB_3DSHAPES}/Packages/PinHeader_1x08_P254mm_Vertical_Bottom.step
      (at (xyz 0 0 0))
      (scale (xyz 1 1 1))
      (rotate (xyz 0 0 0))
    )
  )

  (module SA_Capacitors_SMD:C_0603_1608M (layer F.Cu) (tedit 5C29EFC9) (tstamp 5C613042)
    (at 171.45 91.44 270)
    (path /5C5F0A65)
    (attr smd)
    (fp_text reference C2 (at 0 -1.1 270) (layer F.SilkS)
      (effects (font (size 0.6 0.6) (thickness 0.127)))
    )
    (fp_text value 100n (at 0 1 270) (layer F.Fab)
      (effects (font (size 0.3 0.3) (thickness 0.03)))
    )
    (fp_text user %R (at 0 0 270) (layer F.Fab)
      (effects (font (size 0.4 0.4) (thickness 0.05)))
    )
    (fp_line (start 1.48 0.73) (end -1.48 0.73) (layer F.CrtYd) (width 0.05))
    (fp_line (start 1.48 -0.73) (end 1.48 0.73) (layer F.CrtYd) (width 0.05))
    (fp_line (start -1.48 -0.73) (end 1.48 -0.73) (layer F.CrtYd) (width 0.05))
    (fp_line (start -1.48 0.73) (end -1.48 -0.73) (layer F.CrtYd) (width 0.05))
    (fp_line (start -0.162779 0.51) (end 0.162779 0.51) (layer F.SilkS) (width 0.12))
    (fp_line (start -0.162779 -0.51) (end 0.162779 -0.51) (layer F.SilkS) (width 0.12))
    (fp_line (start 0.8 0.4) (end -0.8 0.4) (layer F.Fab) (width 0.1))
    (fp_line (start 0.8 -0.4) (end 0.8 0.4) (layer F.Fab) (width 0.1))
    (fp_line (start -0.8 -0.4) (end 0.8 -0.4) (layer F.Fab) (width 0.1))
    (fp_line (start -0.8 0.4) (end -0.8 -0.4) (layer F.Fab) (width 0.1))
    (pad 2 smd roundrect (at 0.7875 0 270) (size 0.875 0.95) (layers F.Cu F.Paste F.Mask) (roundrect_rratio 0.25)
      (net 7 "Net-(C2-Pad2)"))
    (pad 1 smd roundrect (at -0.7875 0 270) (size 0.875 0.95) (layers F.Cu F.Paste F.Mask) (roundrect_rratio 0.25)
      (net 3 "Net-(C2-Pad1)"))
    (model ${SA_LIB_3DSHAPES}/Packages/C_0603_1608Metric.step
      (at (xyz 0 0 0))
      (scale (xyz 1 1 1))
      (rotate (xyz 0 0 0))
    )
  )

  (module SA_Capacitors_SMD:C_0603_1608M (layer F.Cu) (tedit 5C29EFC9) (tstamp 5C613031)
    (at 162.56 99.06 90)
    (path /5C5F09CC)
    (attr smd)
    (fp_text reference C1 (at 0 -1.1 90) (layer F.SilkS)
      (effects (font (size 0.6 0.6) (thickness 0.127)))
    )
    (fp_text value 100n (at 0 1 90) (layer F.Fab)
      (effects (font (size 0.3 0.3) (thickness 0.03)))
    )
    (fp_line (start -0.8 0.4) (end -0.8 -0.4) (layer F.Fab) (width 0.1))
    (fp_line (start -0.8 -0.4) (end 0.8 -0.4) (layer F.Fab) (width 0.1))
    (fp_line (start 0.8 -0.4) (end 0.8 0.4) (layer F.Fab) (width 0.1))
    (fp_line (start 0.8 0.4) (end -0.8 0.4) (layer F.Fab) (width 0.1))
    (fp_line (start -0.162779 -0.51) (end 0.162779 -0.51) (layer F.SilkS) (width 0.12))
    (fp_line (start -0.162779 0.51) (end 0.162779 0.51) (layer F.SilkS) (width 0.12))
    (fp_line (start -1.48 0.73) (end -1.48 -0.73) (layer F.CrtYd) (width 0.05))
    (fp_line (start -1.48 -0.73) (end 1.48 -0.73) (layer F.CrtYd) (width 0.05))
    (fp_line (start 1.48 -0.73) (end 1.48 0.73) (layer F.CrtYd) (width 0.05))
    (fp_line (start 1.48 0.73) (end -1.48 0.73) (layer F.CrtYd) (width 0.05))
    (fp_text user %R (at 0.0255 0 90) (layer F.Fab)
      (effects (font (size 0.4 0.4) (thickness 0.05)))
    )
    (pad 1 smd roundrect (at -0.7875 0 90) (size 0.875 0.95) (layers F.Cu F.Paste F.Mask) (roundrect_rratio 0.25)
      (net 5 "Net-(C1-Pad1)"))
    (pad 2 smd roundrect (at 0.7875 0 90) (size 0.875 0.95) (layers F.Cu F.Paste F.Mask) (roundrect_rratio 0.25)
      (net 1 "Net-(C1-Pad2)"))
    (model ${SA_LIB_3DSHAPES}/Packages/C_0603_1608Metric.step
      (at (xyz 0 0 0))
      (scale (xyz 1 1 1))
      (rotate (xyz 0 0 0))
    )
  )

  (module SA_Resistors_SMD:R_0603_1608M (layer F.Cu) (tedit 5C29F11D) (tstamp 5C613020)
    (at 162.814 102.1335 270)
    (path /5C5F08FB)
    (attr smd)
    (fp_text reference R5 (at 0 -1.1 270) (layer F.SilkS)
      (effects (font (size 0.6 0.6) (thickness 0.127)))
    )
    (fp_text value 390R (at 0 0.95 270) (layer F.Fab)
      (effects (font (size 0.3 0.3) (thickness 0.03)))
    )
    (fp_line (start -0.8 0.4) (end -0.8 -0.4) (layer F.Fab) (width 0.1))
    (fp_line (start -0.8 -0.4) (end 0.8 -0.4) (layer F.Fab) (width 0.1))
    (fp_line (start 0.8 -0.4) (end 0.8 0.4) (layer F.Fab) (width 0.1))
    (fp_line (start 0.8 0.4) (end -0.8 0.4) (layer F.Fab) (width 0.1))
    (fp_line (start -0.162779 -0.51) (end 0.162779 -0.51) (layer F.SilkS) (width 0.12))
    (fp_line (start -0.162779 0.51) (end 0.162779 0.51) (layer F.SilkS) (width 0.12))
    (fp_line (start -1.48 0.73) (end -1.48 -0.73) (layer F.CrtYd) (width 0.05))
    (fp_line (start -1.48 -0.73) (end 1.48 -0.73) (layer F.CrtYd) (width 0.05))
    (fp_line (start 1.48 -0.73) (end 1.48 0.73) (layer F.CrtYd) (width 0.05))
    (fp_line (start 1.48 0.73) (end -1.48 0.73) (layer F.CrtYd) (width 0.05))
    (fp_text user %R (at 0 0 270) (layer F.Fab)
      (effects (font (size 0.4 0.4) (thickness 0.05)))
    )
    (pad 1 smd roundrect (at -0.7875 0 270) (size 0.875 0.95) (layers F.Cu F.Paste F.Mask) (roundrect_rratio 0.25)
      (net 4 "Net-(R1-Pad1)"))
    (pad 2 smd roundrect (at 0.7875 0 270) (size 0.875 0.95) (layers F.Cu F.Paste F.Mask) (roundrect_rratio 0.25)
      (net 2 "Net-(Q1-Pad2)"))
    (model ${SA_LIB_3DSHAPES}/Packages/R_0603_1608Metric.step
      (at (xyz 0 0 0))
      (scale (xyz 1 1 1))
      (rotate (xyz 0 0 0))
    )
  )

  (module SA_Resistors_SMD:R_0603_1608M (layer B.Cu) (tedit 5C29F11D) (tstamp 5C61300F)
    (at 167.132 102.1335 90)
    (path /5C5F0A3F)
    (attr smd)
    (fp_text reference R4 (at 0 1.1 90) (layer B.SilkS)
      (effects (font (size 0.6 0.6) (thickness 0.127)) (justify mirror))
    )
    (fp_text value 10k (at 0 -0.95 90) (layer B.Fab)
      (effects (font (size 0.3 0.3) (thickness 0.03)) (justify mirror))
    )
    (fp_text user %R (at 0 0 90) (layer B.Fab)
      (effects (font (size 0.4 0.4) (thickness 0.05)) (justify mirror))
    )
    (fp_line (start 1.48 -0.73) (end -1.48 -0.73) (layer B.CrtYd) (width 0.05))
    (fp_line (start 1.48 0.73) (end 1.48 -0.73) (layer B.CrtYd) (width 0.05))
    (fp_line (start -1.48 0.73) (end 1.48 0.73) (layer B.CrtYd) (width 0.05))
    (fp_line (start -1.48 -0.73) (end -1.48 0.73) (layer B.CrtYd) (width 0.05))
    (fp_line (start -0.162779 -0.51) (end 0.162779 -0.51) (layer B.SilkS) (width 0.12))
    (fp_line (start -0.162779 0.51) (end 0.162779 0.51) (layer B.SilkS) (width 0.12))
    (fp_line (start 0.8 -0.4) (end -0.8 -0.4) (layer B.Fab) (width 0.1))
    (fp_line (start 0.8 0.4) (end 0.8 -0.4) (layer B.Fab) (width 0.1))
    (fp_line (start -0.8 0.4) (end 0.8 0.4) (layer B.Fab) (width 0.1))
    (fp_line (start -0.8 -0.4) (end -0.8 0.4) (layer B.Fab) (width 0.1))
    (pad 2 smd roundrect (at 0.7875 0 90) (size 0.875 0.95) (layers B.Cu B.Paste B.Mask) (roundrect_rratio 0.25)
      (net 6 "Net-(R2-Pad2)"))
    (pad 1 smd roundrect (at -0.7875 0 90) (size 0.875 0.95) (layers B.Cu B.Paste B.Mask) (roundrect_rratio 0.25)
      (net 3 "Net-(C2-Pad1)"))
    (model ${SA_LIB_3DSHAPES}/Packages/R_0603_1608Metric.step
      (at (xyz 0 0 0))
      (scale (xyz 1 1 1))
      (rotate (xyz 0 0 0))
    )
  )

  (module SA_Resistors_SMD:R_0603_1608M (layer B.Cu) (tedit 5C29F11D) (tstamp 5C612FFE)
    (at 165.354 102.1335 90)
    (path /5C5F08AD)
    (attr smd)
    (fp_text reference R3 (at 0 1.1 90) (layer B.SilkS)
      (effects (font (size 0.6 0.6) (thickness 0.127)) (justify mirror))
    )
    (fp_text value 100k (at 0 -0.95 90) (layer B.Fab)
      (effects (font (size 0.3 0.3) (thickness 0.03)) (justify mirror))
    )
    (fp_line (start -0.8 -0.4) (end -0.8 0.4) (layer B.Fab) (width 0.1))
    (fp_line (start -0.8 0.4) (end 0.8 0.4) (layer B.Fab) (width 0.1))
    (fp_line (start 0.8 0.4) (end 0.8 -0.4) (layer B.Fab) (width 0.1))
    (fp_line (start 0.8 -0.4) (end -0.8 -0.4) (layer B.Fab) (width 0.1))
    (fp_line (start -0.162779 0.51) (end 0.162779 0.51) (layer B.SilkS) (width 0.12))
    (fp_line (start -0.162779 -0.51) (end 0.162779 -0.51) (layer B.SilkS) (width 0.12))
    (fp_line (start -1.48 -0.73) (end -1.48 0.73) (layer B.CrtYd) (width 0.05))
    (fp_line (start -1.48 0.73) (end 1.48 0.73) (layer B.CrtYd) (width 0.05))
    (fp_line (start 1.48 0.73) (end 1.48 -0.73) (layer B.CrtYd) (width 0.05))
    (fp_line (start 1.48 -0.73) (end -1.48 -0.73) (layer B.CrtYd) (width 0.05))
    (fp_text user %R (at 0 0 90) (layer B.Fab)
      (effects (font (size 0.4 0.4) (thickness 0.05)) (justify mirror))
    )
    (pad 1 smd roundrect (at -0.7875 0 90) (size 0.875 0.95) (layers B.Cu B.Paste B.Mask) (roundrect_rratio 0.25)
      (net 4 "Net-(R1-Pad1)"))
    (pad 2 smd roundrect (at 0.7875 0 90) (size 0.875 0.95) (layers B.Cu B.Paste B.Mask) (roundrect_rratio 0.25)
      (net 1 "Net-(C1-Pad2)"))
    (model ${SA_LIB_3DSHAPES}/Packages/R_0603_1608Metric.step
      (at (xyz 0 0 0))
      (scale (xyz 1 1 1))
      (rotate (xyz 0 0 0))
    )
  )

  (module SA_Resistors_SMD:R_0603_1608M (layer B.Cu) (tedit 5C29F11D) (tstamp 5C612FED)
    (at 166.37 99.06)
    (path /5C5F091B)
    (attr smd)
    (fp_text reference R2 (at 0 1.1) (layer B.SilkS)
      (effects (font (size 0.6 0.6) (thickness 0.127)) (justify mirror))
    )
    (fp_text value 1M (at 0 -0.95) (layer B.Fab)
      (effects (font (size 0.3 0.3) (thickness 0.03)) (justify mirror))
    )
    (fp_text user %R (at 0 0) (layer B.Fab)
      (effects (font (size 0.4 0.4) (thickness 0.05)) (justify mirror))
    )
    (fp_line (start 1.48 -0.73) (end -1.48 -0.73) (layer B.CrtYd) (width 0.05))
    (fp_line (start 1.48 0.73) (end 1.48 -0.73) (layer B.CrtYd) (width 0.05))
    (fp_line (start -1.48 0.73) (end 1.48 0.73) (layer B.CrtYd) (width 0.05))
    (fp_line (start -1.48 -0.73) (end -1.48 0.73) (layer B.CrtYd) (width 0.05))
    (fp_line (start -0.162779 -0.51) (end 0.162779 -0.51) (layer B.SilkS) (width 0.12))
    (fp_line (start -0.162779 0.51) (end 0.162779 0.51) (layer B.SilkS) (width 0.12))
    (fp_line (start 0.8 -0.4) (end -0.8 -0.4) (layer B.Fab) (width 0.1))
    (fp_line (start 0.8 0.4) (end 0.8 -0.4) (layer B.Fab) (width 0.1))
    (fp_line (start -0.8 0.4) (end 0.8 0.4) (layer B.Fab) (width 0.1))
    (fp_line (start -0.8 -0.4) (end -0.8 0.4) (layer B.Fab) (width 0.1))
    (pad 2 smd roundrect (at 0.7875 0) (size 0.875 0.95) (layers B.Cu B.Paste B.Mask) (roundrect_rratio 0.25)
      (net 6 "Net-(R2-Pad2)"))
    (pad 1 smd roundrect (at -0.7875 0) (size 0.875 0.95) (layers B.Cu B.Paste B.Mask) (roundrect_rratio 0.25)
      (net 1 "Net-(C1-Pad2)"))
    (model ${SA_LIB_3DSHAPES}/Packages/R_0603_1608Metric.step
      (at (xyz 0 0 0))
      (scale (xyz 1 1 1))
      (rotate (xyz 0 0 0))
    )
  )

  (module SA_Resistors_SMD:R_0603_1608M (layer B.Cu) (tedit 5C29F11D) (tstamp 5C612FDC)
    (at 163.576 102.1335 90)
    (path /5C5F0981)
    (attr smd)
    (fp_text reference R1 (at 0 1.1 90) (layer B.SilkS)
      (effects (font (size 0.6 0.6) (thickness 0.127)) (justify mirror))
    )
    (fp_text value 1M (at 0 -0.95 90) (layer B.Fab)
      (effects (font (size 0.3 0.3) (thickness 0.03)) (justify mirror))
    )
    (fp_line (start -0.8 -0.4) (end -0.8 0.4) (layer B.Fab) (width 0.1))
    (fp_line (start -0.8 0.4) (end 0.8 0.4) (layer B.Fab) (width 0.1))
    (fp_line (start 0.8 0.4) (end 0.8 -0.4) (layer B.Fab) (width 0.1))
    (fp_line (start 0.8 -0.4) (end -0.8 -0.4) (layer B.Fab) (width 0.1))
    (fp_line (start -0.162779 0.51) (end 0.162779 0.51) (layer B.SilkS) (width 0.12))
    (fp_line (start -0.162779 -0.51) (end 0.162779 -0.51) (layer B.SilkS) (width 0.12))
    (fp_line (start -1.48 -0.73) (end -1.48 0.73) (layer B.CrtYd) (width 0.05))
    (fp_line (start -1.48 0.73) (end 1.48 0.73) (layer B.CrtYd) (width 0.05))
    (fp_line (start 1.48 0.73) (end 1.48 -0.73) (layer B.CrtYd) (width 0.05))
    (fp_line (start 1.48 -0.73) (end -1.48 -0.73) (layer B.CrtYd) (width 0.05))
    (fp_text user %R (at 0 0 90) (layer B.Fab)
      (effects (font (size 0.4 0.4) (thickness 0.05)) (justify mirror))
    )
    (pad 1 smd roundrect (at -0.7875 0 90) (size 0.875 0.95) (layers B.Cu B.Paste B.Mask) (roundrect_rratio 0.25)
      (net 4 "Net-(R1-Pad1)"))
    (pad 2 smd roundrect (at 0.7875 0 90) (size 0.875 0.95) (layers B.Cu B.Paste B.Mask) (roundrect_rratio 0.25)
      (net 5 "Net-(C1-Pad1)"))
    (model ${SA_LIB_3DSHAPES}/Packages/R_0603_1608Metric.step
      (at (xyz 0 0 0))
      (scale (xyz 1 1 1))
      (rotate (xyz 0 0 0))
    )
  )

  (module SA_Transistors_BJT_SMD:ON_Semi_MMBT5088LT1G_SOT-23 (layer F.Cu) (tedit 5C264233) (tstamp 5C612FCB)
    (at 166.37 95.25 90)
    (descr "SOT-23, Standard")
    (tags SOT-23)
    (path /5C5F085C)
    (attr smd)
    (fp_text reference Q1 (at 0 -2.2 90) (layer F.SilkS)
      (effects (font (size 0.4 0.4) (thickness 0.05)))
    )
    (fp_text value ON_Semi_MMBT5088LT1G (at 0 2.05 90) (layer F.Fab)
      (effects (font (size 0.3 0.3) (thickness 0.03)))
    )
    (fp_text user %R (at 0 -0.05 180) (layer F.Fab)
      (effects (font (size 0.4 0.4) (thickness 0.05)))
    )
    (fp_line (start -0.7 -0.95) (end -0.7 1.5) (layer F.Fab) (width 0.1))
    (fp_line (start -0.15 -1.52) (end 0.7 -1.52) (layer F.Fab) (width 0.1))
    (fp_line (start -0.7 -0.95) (end -0.15 -1.52) (layer F.Fab) (width 0.1))
    (fp_line (start 0.7 -1.52) (end 0.7 1.52) (layer F.Fab) (width 0.1))
    (fp_line (start -0.7 1.52) (end 0.7 1.52) (layer F.Fab) (width 0.1))
    (fp_line (start 0.76 1.58) (end 0.76 0.65) (layer F.SilkS) (width 0.12))
    (fp_line (start 0.76 -1.58) (end 0.76 -0.65) (layer F.SilkS) (width 0.12))
    (fp_line (start -1.7 -1.75) (end 1.7 -1.75) (layer F.CrtYd) (width 0.05))
    (fp_line (start 1.7 -1.75) (end 1.7 1.75) (layer F.CrtYd) (width 0.05))
    (fp_line (start 1.7 1.75) (end -1.7 1.75) (layer F.CrtYd) (width 0.05))
    (fp_line (start -1.7 1.75) (end -1.7 -1.75) (layer F.CrtYd) (width 0.05))
    (fp_line (start 0.76 -1.58) (end -1.4 -1.58) (layer F.SilkS) (width 0.12))
    (fp_line (start 0.76 1.58) (end -0.7 1.58) (layer F.SilkS) (width 0.12))
    (pad 1 smd roundrect (at -1 -0.95 90) (size 0.9 0.8) (layers F.Cu F.Paste F.Mask) (roundrect_rratio 0.25)
      (net 1 "Net-(C1-Pad2)"))
    (pad 2 smd roundrect (at -1 0.95 90) (size 0.9 0.8) (layers F.Cu F.Paste F.Mask) (roundrect_rratio 0.25)
      (net 2 "Net-(Q1-Pad2)"))
    (pad 3 smd roundrect (at 1 0 90) (size 0.9 0.8) (layers F.Cu F.Paste F.Mask) (roundrect_rratio 0.25)
      (net 3 "Net-(C2-Pad1)"))
    (model ${SA_LIB_3DSHAPES}/ON_Semi_MMBT5088LT1G_SOT-23/ON_Semi_MMBT5088LT1G_SOT-23.step
      (at (xyz 0 0 0))
      (scale (xyz 1 1 1))
      (rotate (xyz 0 0 0))
    )
  )

  (module SA_Connectors_Pin_Headers_THT:PinHeader_1x08_P2.54mm_Vertical_Bottom (layer F.Cu) (tedit 5C2D5593) (tstamp 5C613E54)
    (at 157.48 86.36)
    (descr "Through hole straight pin header, 1x08, 2.54mm pitch, single row")
    (tags "Through hole pin header THT 1x08 2.54mm single row")
    (fp_text reference REF** (at 0 -2.23) (layer F.SilkS)
      (effects (font (size 0.6 0.6) (thickness 0.127)))
    )
    (fp_text value PinHeader_1x08_P2.54mm_Vertical_Bottom (at 0 19.8) (layer F.Fab)
      (effects (font (size 0.3 0.3) (thickness 0.03)))
    )
    (fp_text user %R (at 0 8.89 90) (layer F.Fab)
      (effects (font (size 0.5 0.5) (thickness 0.05)))
    )
    (fp_line (start 1.8 -1.8) (end -1.8 -1.8) (layer F.CrtYd) (width 0.05))
    (fp_line (start 1.8 19.55) (end 1.8 -1.8) (layer F.CrtYd) (width 0.05))
    (fp_line (start -1.8 19.55) (end 1.8 19.55) (layer F.CrtYd) (width 0.05))
    (fp_line (start -1.8 -1.8) (end -1.8 19.55) (layer F.CrtYd) (width 0.05))
    (fp_line (start -1.27 -0.635) (end -0.635 -1.27) (layer B.Fab) (width 0.1))
    (fp_line (start -1.27 19.05) (end -1.27 -0.635) (layer B.Fab) (width 0.1))
    (fp_line (start 1.27 19.05) (end -1.27 19.05) (layer B.Fab) (width 0.1))
    (fp_line (start 1.27 -1.27) (end 1.27 19.05) (layer B.Fab) (width 0.1))
    (fp_line (start -0.635 -1.27) (end 1.27 -1.27) (layer B.Fab) (width 0.1))
    (pad 8 thru_hole roundrect (at 0 17.78) (size 1.7 1.7) (drill 1) (layers *.Cu *.Mask) (roundrect_rratio 0.25))
    (pad 7 thru_hole roundrect (at 0 15.24) (size 1.7 1.7) (drill 1) (layers *.Cu *.Mask) (roundrect_rratio 0.25))
    (pad 6 thru_hole roundrect (at 0 12.7) (size 1.7 1.7) (drill 1) (layers *.Cu *.Mask) (roundrect_rratio 0.25))
    (pad 5 thru_hole roundrect (at 0 10.16) (size 1.7 1.7) (drill 1) (layers *.Cu *.Mask) (roundrect_rratio 0.25))
    (pad 4 thru_hole roundrect (at 0 7.62) (size 1.7 1.7) (drill 1) (layers *.Cu *.Mask) (roundrect_rratio 0.25))
    (pad 3 thru_hole roundrect (at 0 5.08) (size 1.7 1.7) (drill 1) (layers *.Cu *.Mask) (roundrect_rratio 0.25))
    (pad 2 thru_hole roundrect (at 0 2.54) (size 1.7 1.7) (drill 1) (layers *.Cu *.Mask) (roundrect_rratio 0.25))
    (pad 1 thru_hole roundrect (at 0 0) (size 1.7 1.7) (drill 1) (layers *.Cu *.Mask) (roundrect_rratio 0.25))
    (model ${SA_LIB_3DSHAPES}/Packages/PinHeader_1x08_P254mm_Vertical_Bottom.step
      (at (xyz 0 0 0))
      (scale (xyz 1 1 1))
      (rotate (xyz 0 0 0))
    )
  )

  (gr_line (start 176.53 82.55) (end 156.21 82.55) (layer Edge.Cuts) (width 0.2))
  (gr_line (start 176.53 105.41) (end 176.53 82.55) (layer Edge.Cuts) (width 0.2))
  (gr_line (start 156.21 105.41) (end 176.53 105.41) (layer Edge.Cuts) (width 0.2))
  (gr_line (start 156.21 82.55) (end 156.21 105.41) (layer Edge.Cuts) (width 0.2))

  (segment (start 164.389 100.381) (end 165.354 101.346) (width 0.25) (layer B.Cu) (net 1))
  (segment (start 164.389 99.822) (end 164.389 100.381) (width 0.25) (layer B.Cu) (net 1))
  (segment (start 166.37 100.33) (end 165.354 101.346) (width 0.25) (layer B.Cu) (net 1))
  (segment (start 166.37 99.822) (end 166.37 100.33) (width 0.25) (layer B.Cu) (net 1))
  (via (at 165.354 100.33) (size 0.8) (drill 0.4) (layers F.Cu B.Cu) (net 1))
  (segment (start 165.354 101.346) (end 165.354 100.33) (width 0.25) (layer B.Cu) (net 1))
  (segment (start 165.126002 100.33) (end 164.301001 101.155001) (width 0.25) (layer F.Cu) (net 1))
  (segment (start 165.354 100.33) (end 165.126002 100.33) (width 0.25) (layer F.Cu) (net 1))
  (segment (start 162.948001 103.055001) (end 162.814 102.921) (width 0.25) (layer F.Cu) (net 2))
  (segment (start 164.301001 103.055001) (end 162.948001 103.055001) (width 0.25) (layer F.Cu) (net 2))
  (segment (start 167.117 102.921) (end 166.301001 102.105001) (width 0.25) (layer F.Cu) (net 3))
  (segment (start 167.894 102.921) (end 167.117 102.921) (width 0.25) (layer F.Cu) (net 3))
  (segment (start 165.354 102.921) (end 163.576 102.921) (width 0.25) (layer B.Cu) (net 4))
  (via (at 161.798 102.108) (size 0.8) (drill 0.4) (layers F.Cu B.Cu) (net 4))
  (segment (start 163.576 102.921) (end 162.611 102.921) (width 0.25) (layer B.Cu) (net 4))
  (segment (start 162.611 102.921) (end 161.798 102.108) (width 0.25) (layer B.Cu) (net 4))
  (segment (start 161.798 102.108) (end 161.798 101.6) (width 0.25) (layer F.Cu) (net 4))
  (segment (start 162.052 101.346) (end 162.814 101.346) (width 0.25) (layer F.Cu) (net 4))
  (segment (start 161.798 101.6) (end 162.052 101.346) (width 0.25) (layer F.Cu) (net 4))
  (segment (start 162.814 100.584) (end 163.576 101.346) (width 0.25) (layer B.Cu) (net 5))
  (segment (start 162.814 99.822) (end 162.814 100.584) (width 0.25) (layer B.Cu) (net 5))
  (segment (start 167.945 100.533) (end 167.132 101.346) (width 0.25) (layer B.Cu) (net 6))
  (segment (start 167.945 99.822) (end 167.945 100.533) (width 0.25) (layer B.Cu) (net 6))

)
