(kicad_pcb (version 20171130) (host pcbnew "(5.0.2)-1")

  (general
    (thickness 1.6)
    (drawings 10)
    (tracks 102)
    (zones 0)
    (modules 23)
    (nets 20)
  )

  (page A4)
  (layers
    (0 F.Cu signal)
    (31 B.Cu signal)
    (32 B.Adhes user)
    (33 F.Adhes user)
    (34 B.Paste user)
    (35 F.Paste user)
    (36 B.SilkS user)
    (37 F.SilkS user)
    (38 B.Mask user)
    (39 F.Mask user)
    (40 Dwgs.User user)
    (41 Cmts.User user)
    (42 Eco1.User user)
    (43 Eco2.User user)
    (44 Edge.Cuts user)
    (45 Margin user)
    (46 B.CrtYd user)
    (47 F.CrtYd user)
    (48 B.Fab user)
    (49 F.Fab user)
  )

  (setup
    (last_trace_width 0.1524)
    (trace_clearance 0.1524)
    (zone_clearance 0.508)
    (zone_45_only no)
    (trace_min 0.1524)
    (segment_width 0.2)
    (edge_width 0.15)
    (via_size 0.508)
    (via_drill 0.254)
    (via_min_size 0.508)
    (via_min_drill 0.254)
    (uvia_size 0.3)
    (uvia_drill 0.1)
    (uvias_allowed no)
    (uvia_min_size 0.2)
    (uvia_min_drill 0.1)
    (pcb_text_width 0.3)
    (pcb_text_size 1.5 1.5)
    (mod_edge_width 0.15)
    (mod_text_size 1 1)
    (mod_text_width 0.15)
    (pad_size 1.6 1.6)
    (pad_drill 0.8)
    (pad_to_mask_clearance 0.0508)
    (solder_mask_min_width 0.25)
    (aux_axis_origin 0 0)
    (visible_elements 7FFFFFFF)
    (pcbplotparams
      (layerselection 0x010fc_ffffffff)
      (usegerberextensions false)
      (usegerberattributes false)
      (usegerberadvancedattributes false)
      (creategerberjobfile false)
      (excludeedgelayer true)
      (linewidth 0.050000)
      (plotframeref false)
      (viasonmask false)
      (mode 1)
      (useauxorigin false)
      (hpglpennumber 1)
      (hpglpenspeed 20)
      (hpglpendiameter 15.000000)
      (psnegative false)
      (psa4output false)
      (plotreference true)
      (plotvalue true)
      (plotinvisibletext false)
      (padsonsilk false)
      (subtractmaskfromsilk false)
      (outputformat 1)
      (mirror false)
      (drillshape 1)
      (scaleselection 1)
      (outputdirectory ""))
  )

  (net 0 "")
  (net 1 GND)
  (net 2 "Net-(Q1-Pad2)")
  (net 3 "Net-(D2-Pad2)")
  (net 4 "Net-(Q1-Pad6)")
  (net 5 /SW_2)
  (net 6 "Net-(R1-Pad2)")
  (net 7 /SW_1)
  (net 8 "Net-(R2-Pad1)")
  (net 9 +9.0VDC)
  (net 10 /LED_-)
  (net 11 /IN)
  (net 12 /SND)
  (net 13 /RTN)
  (net 14 /OUT)
  (net 15 "Net-(C3-Pad1)")
  (net 16 /CAP_-)
  (net 17 "Net-(J2-Pad2)")
  (net 18 "Net-(J2-Pad5)")
  (net 19 "Net-(J1-Pad5)")

  (net_class Default "This is the default net class."
    (clearance 0.1524)
    (trace_width 0.1524)
    (via_dia 0.508)
    (via_drill 0.254)
    (uvia_dia 0.3)
    (uvia_drill 0.1)
    (add_net /CAP_-)
    (add_net /IN)
    (add_net /LED_-)
    (add_net /OUT)
    (add_net /RTN)
    (add_net /SND)
    (add_net /SW_1)
    (add_net /SW_2)
    (add_net GND)
    (add_net "Net-(C3-Pad1)")
    (add_net "Net-(D2-Pad2)")
    (add_net "Net-(J1-Pad5)")
    (add_net "Net-(J2-Pad2)")
    (add_net "Net-(J2-Pad5)")
    (add_net "Net-(Q1-Pad2)")
    (add_net "Net-(Q1-Pad6)")
    (add_net "Net-(R1-Pad2)")
    (add_net "Net-(R2-Pad1)")
  )

  (net_class PWR ""
    (clearance 0.1524)
    (trace_width 0.5)
    (via_dia 0.8)
    (via_drill 0.4)
    (uvia_dia 0.3)
    (uvia_drill 0.1)
    (add_net +9.0VDC)
  )

  (module SA_CMOS_Logic_SMD:ROHM_Semi_BU4S584G2-TR_SSOP-5 (layer F.Cu) (tedit 5C5A0124) (tstamp 5C610A58)
    (at 158.75 100.33 90)
    (descr SSOP5)
    (tags "Integrated Circuit")
    (path /5C5F25A8)
    (attr smd)
    (fp_text reference U3 (at 0 -2.54 90) (layer F.SilkS) hide
      (effects (font (size 0.5 0.5) (thickness 0.05)))
    )
    (fp_text value ROHM_Semi_BU4S584G2-TR (at 0 2.54 90) (layer F.Fab) hide
      (effects (font (size 0.5 0.5) (thickness 0.05)))
    )
    (fp_line (start -1.778 -1.524) (end 0.762 -1.524) (layer F.SilkS) (width 0.2))
    (fp_line (start -0.825 -0.5) (end 0.125 -1.45) (layer Dwgs.User) (width 0.1))
    (fp_line (start -0.825 1.45) (end -0.825 -1.45) (layer Dwgs.User) (width 0.1))
    (fp_line (start 0.825 1.45) (end -0.825 1.45) (layer Dwgs.User) (width 0.1))
    (fp_line (start 0.825 -1.45) (end 0.825 1.45) (layer Dwgs.User) (width 0.1))
    (fp_line (start -0.825 -1.45) (end 0.825 -1.45) (layer Dwgs.User) (width 0.1))
    (fp_line (start -2.1 1.8) (end -2.1 -1.8) (layer Dwgs.User) (width 0.05))
    (fp_line (start 2.1 1.8) (end -2.1 1.8) (layer Dwgs.User) (width 0.05))
    (fp_line (start 2.1 -1.8) (end 2.1 1.8) (layer Dwgs.User) (width 0.05))
    (fp_line (start -2.1 -1.8) (end 2.1 -1.8) (layer Dwgs.User) (width 0.05))
    (fp_line (start -0.762 1.524) (end 0.762 1.524) (layer F.SilkS) (width 0.2))
    (pad 5 smd roundrect (at 1.4 -0.95 180) (size 0.6 0.9) (layers F.Cu F.Paste F.Mask) (roundrect_rratio 0.25)
      (net 9 +9.0VDC))
    (pad 4 smd roundrect (at 1.4 0.95 180) (size 0.6 0.9) (layers F.Cu F.Paste F.Mask) (roundrect_rratio 0.25)
      (net 3 "Net-(D2-Pad2)"))
    (pad 3 smd roundrect (at -1.4 0.95 180) (size 0.6 0.9) (layers F.Cu F.Paste F.Mask) (roundrect_rratio 0.25)
      (net 1 GND))
    (pad 2 smd roundrect (at -1.4 0 180) (size 0.6 0.9) (layers F.Cu F.Paste F.Mask) (roundrect_rratio 0.25)
      (net 6 "Net-(R1-Pad2)"))
    (pad 1 smd roundrect (at -1.4 -0.95 180) (size 0.6 0.9) (layers F.Cu F.Paste F.Mask) (roundrect_rratio 0.25))
    (model ${SA_LIB_3DSHAPES}/ROHM_Semi_BU4S584G2-TR_SSOP-5/ROHM_Semi_BU4S584G2-TR_SSOP-5.stp
      (at (xyz 0 0 0))
      (scale (xyz 1 1 1))
      (rotate (xyz 0 0 0))
    )
  )

  (module SA_CMOS_Logic_SMD:ROHM_Semi_BU4S584G2-TR_SSOP-5 (layer F.Cu) (tedit 5C5A0124) (tstamp 5C610A44)
    (at 153.67 100.33 90)
    (descr SSOP5)
    (tags "Integrated Circuit")
    (path /5C5F2732)
    (attr smd)
    (fp_text reference U2 (at 0 -2.54 90) (layer F.SilkS) hide
      (effects (font (size 0.5 0.5) (thickness 0.05)))
    )
    (fp_text value ROHM_Semi_BU4S584G2-TR (at 0 2.54 90) (layer F.Fab) hide
      (effects (font (size 0.5 0.5) (thickness 0.05)))
    )
    (fp_line (start -0.762 1.524) (end 0.762 1.524) (layer F.SilkS) (width 0.2))
    (fp_line (start -2.1 -1.8) (end 2.1 -1.8) (layer Dwgs.User) (width 0.05))
    (fp_line (start 2.1 -1.8) (end 2.1 1.8) (layer Dwgs.User) (width 0.05))
    (fp_line (start 2.1 1.8) (end -2.1 1.8) (layer Dwgs.User) (width 0.05))
    (fp_line (start -2.1 1.8) (end -2.1 -1.8) (layer Dwgs.User) (width 0.05))
    (fp_line (start -0.825 -1.45) (end 0.825 -1.45) (layer Dwgs.User) (width 0.1))
    (fp_line (start 0.825 -1.45) (end 0.825 1.45) (layer Dwgs.User) (width 0.1))
    (fp_line (start 0.825 1.45) (end -0.825 1.45) (layer Dwgs.User) (width 0.1))
    (fp_line (start -0.825 1.45) (end -0.825 -1.45) (layer Dwgs.User) (width 0.1))
    (fp_line (start -0.825 -0.5) (end 0.125 -1.45) (layer Dwgs.User) (width 0.1))
    (fp_line (start -1.778 -1.524) (end 0.762 -1.524) (layer F.SilkS) (width 0.2))
    (pad 1 smd roundrect (at -1.4 -0.95 180) (size 0.6 0.9) (layers F.Cu F.Paste F.Mask) (roundrect_rratio 0.25))
    (pad 2 smd roundrect (at -1.4 0 180) (size 0.6 0.9) (layers F.Cu F.Paste F.Mask) (roundrect_rratio 0.25)
      (net 8 "Net-(R2-Pad1)"))
    (pad 3 smd roundrect (at -1.4 0.95 180) (size 0.6 0.9) (layers F.Cu F.Paste F.Mask) (roundrect_rratio 0.25)
      (net 1 GND))
    (pad 4 smd roundrect (at 1.4 0.95 180) (size 0.6 0.9) (layers F.Cu F.Paste F.Mask) (roundrect_rratio 0.25)
      (net 6 "Net-(R1-Pad2)"))
    (pad 5 smd roundrect (at 1.4 -0.95 180) (size 0.6 0.9) (layers F.Cu F.Paste F.Mask) (roundrect_rratio 0.25)
      (net 9 +9.0VDC))
    (model ${SA_LIB_3DSHAPES}/ROHM_Semi_BU4S584G2-TR_SSOP-5/ROHM_Semi_BU4S584G2-TR_SSOP-5.stp
      (at (xyz 0 0 0))
      (scale (xyz 1 1 1))
      (rotate (xyz 0 0 0))
    )
  )

  (module SA_CMOS_Logic_SMD:ROHM_Semi_BU4S584G2-TR_SSOP-5 (layer F.Cu) (tedit 5C5A0124) (tstamp 5C610A1E)
    (at 156.21 105.41 90)
    (descr SSOP5)
    (tags "Integrated Circuit")
    (path /5C5F2536)
    (attr smd)
    (fp_text reference U1 (at 0 -2.54 90) (layer F.SilkS) hide
      (effects (font (size 0.5 0.5) (thickness 0.05)))
    )
    (fp_text value ROHM_Semi_BU4S584G2-TR (at 0 2.54 90) (layer F.Fab) hide
      (effects (font (size 0.5 0.5) (thickness 0.05)))
    )
    (fp_line (start -1.778 -1.524) (end 0.762 -1.524) (layer F.SilkS) (width 0.2))
    (fp_line (start -0.825 -0.5) (end 0.125 -1.45) (layer Dwgs.User) (width 0.1))
    (fp_line (start -0.825 1.45) (end -0.825 -1.45) (layer Dwgs.User) (width 0.1))
    (fp_line (start 0.825 1.45) (end -0.825 1.45) (layer Dwgs.User) (width 0.1))
    (fp_line (start 0.825 -1.45) (end 0.825 1.45) (layer Dwgs.User) (width 0.1))
    (fp_line (start -0.825 -1.45) (end 0.825 -1.45) (layer Dwgs.User) (width 0.1))
    (fp_line (start -2.1 1.8) (end -2.1 -1.8) (layer Dwgs.User) (width 0.05))
    (fp_line (start 2.1 1.8) (end -2.1 1.8) (layer Dwgs.User) (width 0.05))
    (fp_line (start 2.1 -1.8) (end 2.1 1.8) (layer Dwgs.User) (width 0.05))
    (fp_line (start -2.1 -1.8) (end 2.1 -1.8) (layer Dwgs.User) (width 0.05))
    (fp_line (start -0.762 1.524) (end 0.762 1.524) (layer F.SilkS) (width 0.2))
    (pad 5 smd roundrect (at 1.4 -0.95 180) (size 0.6 0.9) (layers F.Cu F.Paste F.Mask) (roundrect_rratio 0.25)
      (net 9 +9.0VDC))
    (pad 4 smd roundrect (at 1.4 0.95 180) (size 0.6 0.9) (layers F.Cu F.Paste F.Mask) (roundrect_rratio 0.25)
      (net 8 "Net-(R2-Pad1)"))
    (pad 3 smd roundrect (at -1.4 0.95 180) (size 0.6 0.9) (layers F.Cu F.Paste F.Mask) (roundrect_rratio 0.25)
      (net 1 GND))
    (pad 2 smd roundrect (at -1.4 0 180) (size 0.6 0.9) (layers F.Cu F.Paste F.Mask) (roundrect_rratio 0.25)
      (net 5 /SW_2))
    (pad 1 smd roundrect (at -1.4 -0.95 180) (size 0.6 0.9) (layers F.Cu F.Paste F.Mask) (roundrect_rratio 0.25))
    (model ${SA_LIB_3DSHAPES}/ROHM_Semi_BU4S584G2-TR_SSOP-5/ROHM_Semi_BU4S584G2-TR_SSOP-5.stp
      (at (xyz 0 0 0))
      (scale (xyz 1 1 1))
      (rotate (xyz 0 0 0))
    )
  )

  (module SA_Capacitors_SMD:Nichicon_UWT1E101MCL1GS_100uF_25V_6.3x7.7mm (layer F.Cu) (tedit 5C5C2005) (tstamp 5C66E6D3)
    (at 156.21 91.44 180)
    (descr "SMD capacitor, aluminum electrolytic, Nichicon, 6.3x7.7mm")
    (tags "capacitor electrolytic")
    (path /5C61530D)
    (attr smd)
    (fp_text reference C3 (at 0 -4 180) (layer F.SilkS) hide
      (effects (font (size 0.6 0.6) (thickness 0.127)))
    )
    (fp_text value Nichicon_UWT_100uF_25V (at 0 3.8 180) (layer F.Fab)
      (effects (font (size 0.3 0.3) (thickness 0.03)))
    )
    (fp_circle (center 0 0) (end 3.15 0) (layer F.Fab) (width 0.1))
    (fp_line (start 3.3 -3.3) (end 3.3 3.3) (layer F.Fab) (width 0.1))
    (fp_line (start -2.3 -3.3) (end 3.3 -3.3) (layer F.Fab) (width 0.1))
    (fp_line (start -2.3 3.3) (end 3.3 3.3) (layer F.Fab) (width 0.1))
    (fp_line (start -3.3 -2.3) (end -3.3 2.3) (layer F.Fab) (width 0.1))
    (fp_line (start -3.3 -2.3) (end -2.3 -3.3) (layer F.Fab) (width 0.1))
    (fp_line (start -3.3 2.3) (end -2.3 3.3) (layer F.Fab) (width 0.1))
    (fp_line (start -2.704838 -1.33) (end -2.074838 -1.33) (layer F.Fab) (width 0.1))
    (fp_line (start -2.389838 -1.645) (end -2.389838 -1.015) (layer F.Fab) (width 0.1))
    (fp_line (start 3.55 -3.55) (end 3.55 -1.05) (layer F.CrtYd) (width 0.05))
    (fp_line (start 3.55 -1.05) (end 4.7 -1.05) (layer F.CrtYd) (width 0.05))
    (fp_line (start 4.7 -1.05) (end 4.7 1.05) (layer F.CrtYd) (width 0.05))
    (fp_line (start 4.7 1.05) (end 3.55 1.05) (layer F.CrtYd) (width 0.05))
    (fp_line (start 3.55 1.05) (end 3.55 3.55) (layer F.CrtYd) (width 0.05))
    (fp_line (start -2.4 3.55) (end 3.55 3.55) (layer F.CrtYd) (width 0.05))
    (fp_line (start -2.4 -3.55) (end 3.55 -3.55) (layer F.CrtYd) (width 0.05))
    (fp_line (start -3.55 2.4) (end -2.4 3.55) (layer F.CrtYd) (width 0.05))
    (fp_line (start -3.55 -2.4) (end -2.4 -3.55) (layer F.CrtYd) (width 0.05))
    (fp_line (start -3.55 -2.4) (end -3.55 -1.05) (layer F.CrtYd) (width 0.05))
    (fp_line (start -3.55 1.05) (end -3.55 2.4) (layer F.CrtYd) (width 0.05))
    (fp_line (start -3.55 -1.05) (end -4.7 -1.05) (layer F.CrtYd) (width 0.05))
    (fp_line (start -4.7 -1.05) (end -4.7 1.05) (layer F.CrtYd) (width 0.05))
    (fp_line (start -4.7 1.05) (end -3.55 1.05) (layer F.CrtYd) (width 0.05))
    (fp_text user %R (at 0 0 180) (layer F.Fab)
      (effects (font (size 0.4 0.4) (thickness 0.05)))
    )
    (pad 1 smd roundrect (at -2.7 0 180) (size 3.5 1.6) (layers F.Cu F.Paste F.Mask) (roundrect_rratio 0.15625)
      (net 15 "Net-(C3-Pad1)"))
    (pad 2 smd roundrect (at 2.7 0 180) (size 3.5 1.6) (layers F.Cu F.Paste F.Mask) (roundrect_rratio 0.15625)
      (net 16 /CAP_-))
    (model ${SA_LIB_3DSHAPES}/Nichicon_UWT1E101MCL1GS_100uF_25V_6.3x7.7mm/Nichicon_UWT1E101MCL1GS_100uF_25V_6.3x7.7mm.step
      (at (xyz 0 0 0))
      (scale (xyz 1 1 1))
      (rotate (xyz 0 0 0))
    )
  )

  (module SA_Capacitors_THT:Capacitor_Electrolytic_Radial_D8.0_H11.5_P3.5 (layer F.Cu) (tedit 5C5C6632) (tstamp 5C5E24DE)
    (at 156.21 91.44 180)
    (descr "CP, Radial series, Radial, pin pitch=3.50mm, , diameter=8mm, Electrolytic Capacitor")
    (tags "CP Radial series Radial pin pitch 3.50mm  diameter 8mm Electrolytic Capacitor")
    (path /5C5C3740)
    (fp_text reference C5 (at 0 -4.7 180) (layer F.SilkS) hide
      (effects (font (size 0.6 0.6) (thickness 0.127)))
    )
    (fp_text value CP_220uF_25V_D8.0_H11.5_P3.5 (at 0 4.5 180) (layer F.Fab)
      (effects (font (size 0.3 0.3) (thickness 0.03)))
    )
    (fp_circle (center 0 0) (end 4 0) (layer F.Fab) (width 0.1))
    (fp_circle (center 0 0) (end 4.25 0) (layer F.CrtYd) (width 0.05))
    (fp_line (start -3.426759 -1.7475) (end -2.626759 -1.7475) (layer F.Fab) (width 0.1))
    (fp_line (start -3.026759 -2.1475) (end -3.026759 -1.3475) (layer F.Fab) (width 0.1))
    (fp_text user %R (at 0 0 180) (layer F.Fab)
      (effects (font (size 0.4 0.4) (thickness 0.05)))
    )
    (pad 1 thru_hole roundrect (at -1.75 0 180) (size 1.6 1.6) (drill 0.8) (layers *.Cu *.Mask) (roundrect_rratio 0.1)
      (net 15 "Net-(C3-Pad1)"))
    (pad 2 thru_hole roundrect (at 1.75 0 180) (size 1.6 1.6) (drill 0.8) (layers *.Cu *.Mask) (roundrect_rratio 0.1)
      (net 16 /CAP_-))
    (model ${SA_LIB_3DSHAPES}/Packages/Capacitor_Electrolytic_8x11.5x3.5mm.step
      (at (xyz 0 0 0))
      (scale (xyz 1 1 1))
      (rotate (xyz 0 0 0))
    )
  )

  (module SA_Capacitors_SMD:Nichicon_UWT1E221MNL1GS_220uF_25V_8.0x10.0mm (layer F.Cu) (tedit 5C5C1FA2) (tstamp 5C5E2504)
    (at 156.21 91.44 180)
    (descr "SMD capacitor, aluminum electrolytic, Nichicon, 8.0x10mm")
    (tags "capacitor electrolytic")
    (path /5C5C3670)
    (attr smd)
    (fp_text reference C4 (at 0 -4.8 180) (layer F.SilkS) hide
      (effects (font (size 0.6 0.6) (thickness 0.127)))
    )
    (fp_text value Nichicon_UWT_220uF_25V (at 0 4.7 180) (layer F.Fab)
      (effects (font (size 0.3 0.3) (thickness 0.03)))
    )
    (fp_circle (center 0 0) (end 4 0) (layer F.Fab) (width 0.1))
    (fp_line (start 4.15 -4.15) (end 4.15 4.15) (layer F.Fab) (width 0.1))
    (fp_line (start -3.15 -4.15) (end 4.15 -4.15) (layer F.Fab) (width 0.1))
    (fp_line (start -3.15 4.15) (end 4.15 4.15) (layer F.Fab) (width 0.1))
    (fp_line (start -4.15 -3.15) (end -4.15 3.15) (layer F.Fab) (width 0.1))
    (fp_line (start -4.15 -3.15) (end -3.15 -4.15) (layer F.Fab) (width 0.1))
    (fp_line (start -4.15 3.15) (end -3.15 4.15) (layer F.Fab) (width 0.1))
    (fp_line (start -3.562278 -1.5) (end -2.762278 -1.5) (layer F.Fab) (width 0.1))
    (fp_line (start -3.162278 -1.9) (end -3.162278 -1.1) (layer F.Fab) (width 0.1))
    (fp_line (start 4.4 -4.4) (end 4.4 -1.5) (layer F.CrtYd) (width 0.05))
    (fp_line (start 4.4 -1.5) (end 5.25 -1.5) (layer F.CrtYd) (width 0.05))
    (fp_line (start 5.25 -1.5) (end 5.25 1.5) (layer F.CrtYd) (width 0.05))
    (fp_line (start 5.25 1.5) (end 4.4 1.5) (layer F.CrtYd) (width 0.05))
    (fp_line (start 4.4 1.5) (end 4.4 4.4) (layer F.CrtYd) (width 0.05))
    (fp_line (start -3.25 4.4) (end 4.4 4.4) (layer F.CrtYd) (width 0.05))
    (fp_line (start -3.25 -4.4) (end 4.4 -4.4) (layer F.CrtYd) (width 0.05))
    (fp_line (start -4.4 3.25) (end -3.25 4.4) (layer F.CrtYd) (width 0.05))
    (fp_line (start -4.4 -3.25) (end -3.25 -4.4) (layer F.CrtYd) (width 0.05))
    (fp_line (start -4.4 -3.25) (end -4.4 -1.5) (layer F.CrtYd) (width 0.05))
    (fp_line (start -4.4 1.5) (end -4.4 3.25) (layer F.CrtYd) (width 0.05))
    (fp_line (start -4.4 -1.5) (end -5.25 -1.5) (layer F.CrtYd) (width 0.05))
    (fp_line (start -5.25 -1.5) (end -5.25 1.5) (layer F.CrtYd) (width 0.05))
    (fp_line (start -5.25 1.5) (end -4.4 1.5) (layer F.CrtYd) (width 0.05))
    (fp_text user %R (at 0 0 180) (layer F.Fab)
      (effects (font (size 0.4 0.4) (thickness 0.05)))
    )
    (pad 1 smd roundrect (at -3.25 0 180) (size 3.5 2.5) (layers F.Cu F.Paste F.Mask) (roundrect_rratio 0.1)
      (net 15 "Net-(C3-Pad1)"))
    (pad 2 smd roundrect (at 3.25 0 180) (size 3.5 2.5) (layers F.Cu F.Paste F.Mask) (roundrect_rratio 0.1)
      (net 16 /CAP_-))
    (model ${SA_LIB_3DSHAPES}/Nichicon_UWT1E221MNL1GS_220uF_25V_8.0x10.0mm/Nichicon_UWT1E221MNL1GS_220uF_25V_8.0x10.0mm.step
      (at (xyz 0 0 0))
      (scale (xyz 1 1 1))
      (rotate (xyz 0 0 0))
    )
  )

  (module SA_Connectors_Wire:Wire_Pad_2x_1.0mm_Hole_1.5_Annular_2.54mm_Pitch (layer F.Cu) (tedit 5C5C201B) (tstamp 5C5E1816)
    (at 149.86 90.17 270)
    (path /5C611B0E)
    (fp_text reference J3 (at 0 0.5 270) (layer F.SilkS) hide
      (effects (font (size 0.5 0.5) (thickness 0.05)))
    )
    (fp_text value Conn_01x02 (at 0 -0.5 270) (layer F.Fab) hide
      (effects (font (size 0.5 0.5) (thickness 0.05)))
    )
    (pad 1 thru_hole roundrect (at -1.27 0 270) (size 2 2) (drill 1.2) (layers *.Cu *.Mask) (roundrect_rratio 0.1)
      (net 9 +9.0VDC))
    (pad 2 thru_hole roundrect (at 1.27 0 270) (size 2 2) (drill 1.2) (layers *.Cu *.Mask) (roundrect_rratio 0.1)
      (net 1 GND))
  )

  (module SA_Connectors_Wire:Wire_Pad_2x_1.0mm_Hole_1.5_Annular_2.54mm_Pitch (layer F.Cu) (tedit 5C5C2039) (tstamp 5C5E1811)
    (at 149.86 95.25 90)
    (path /5C5C2C0B)
    (fp_text reference J4 (at 0 0.5 90) (layer F.SilkS) hide
      (effects (font (size 0.5 0.5) (thickness 0.05)))
    )
    (fp_text value Conn_01x02 (at 0 -0.5 90) (layer F.Fab) hide
      (effects (font (size 0.5 0.5) (thickness 0.05)))
    )
    (pad 2 thru_hole roundrect (at 1.27 0 90) (size 2 2) (drill 1.2) (layers *.Cu *.Mask) (roundrect_rratio 0.1)
      (net 1 GND))
    (pad 1 thru_hole roundrect (at -1.27 0 90) (size 2 2) (drill 1.2) (layers *.Cu *.Mask) (roundrect_rratio 0.1)
      (net 11 /IN))
  )

  (module SA_Connectors_Wire:Wire_Pad_2x_1.0mm_Hole_1.5_Annular_2.54mm_Pitch (layer F.Cu) (tedit 5C5C2024) (tstamp 5C5E1802)
    (at 162.56 95.25 90)
    (path /5C5C2E97)
    (fp_text reference J5 (at 0 0.5 90) (layer F.SilkS) hide
      (effects (font (size 0.5 0.5) (thickness 0.05)))
    )
    (fp_text value Conn_01x02 (at 0 -0.5 90) (layer F.Fab) hide
      (effects (font (size 0.5 0.5) (thickness 0.05)))
    )
    (pad 1 thru_hole roundrect (at -1.27 0 90) (size 2 2) (drill 1.2) (layers *.Cu *.Mask) (roundrect_rratio 0.1)
      (net 14 /OUT))
    (pad 2 thru_hole roundrect (at 1.27 0 90) (size 2 2) (drill 1.2) (layers *.Cu *.Mask) (roundrect_rratio 0.1)
      (net 1 GND))
  )

  (module SA_Connectors_Wire:Wire_Pad_2x_1.0mm_Hole_1.5_Annular_2.54mm_Pitch (layer F.Cu) (tedit 5C5C0603) (tstamp 5C66DB89)
    (at 156.21 109.22 180)
    (path /5C5F2F50)
    (fp_text reference SW1 (at 0 0.5 180) (layer F.SilkS) hide
      (effects (font (size 0.5 0.5) (thickness 0.05)))
    )
    (fp_text value SW_Push (at 0 -0.5 180) (layer F.Fab) hide
      (effects (font (size 0.5 0.5) (thickness 0.05)))
    )
    (pad 1 thru_hole roundrect (at -1.27 0 180) (size 2 2) (drill 1.2) (layers *.Cu *.Mask) (roundrect_rratio 0.1)
      (net 5 /SW_2))
    (pad 2 thru_hole roundrect (at 1.27 0 180) (size 2 2) (drill 1.2) (layers *.Cu *.Mask) (roundrect_rratio 0.1)
      (net 7 /SW_1))
    (model ${KISYS3DMOD}/Connector_PinHeader_2.54mm.3dshapes/PinHeader_1x02_P2.54mm_Horizontal.wrl
      (offset (xyz 1.28 0 -1.8))
      (scale (xyz 1 1 1))
      (rotate (xyz 180 0 -90))
    )
  )

  (module Connector_PinHeader_2.54mm:PinHeader_1x05_P2.54mm_Vertical (layer F.Cu) (tedit 5C5BFC2B) (tstamp 5C66C6A4)
    (at 162.56 99.06)
    (descr "Through hole straight pin header, 1x05, 2.54mm pitch, single row")
    (tags "Through hole pin header THT 1x05 2.54mm single row")
    (path /5C609260)
    (fp_text reference J2 (at 0 -2.33) (layer F.SilkS) hide
      (effects (font (size 1 1) (thickness 0.15)))
    )
    (fp_text value PinHeader_1x05_P2.54mm_Vertical_Bottom (at 0 12.49) (layer F.Fab) hide
      (effects (font (size 0.5 0.5) (thickness 0.05)))
    )
    (fp_text user %R (at 0 5.08 90) (layer F.Fab)
      (effects (font (size 1 1) (thickness 0.15)))
    )
    (fp_line (start 1.8 -1.8) (end -1.8 -1.8) (layer F.CrtYd) (width 0.05))
    (fp_line (start 1.8 11.95) (end 1.8 -1.8) (layer F.CrtYd) (width 0.05))
    (fp_line (start -1.8 11.95) (end 1.8 11.95) (layer F.CrtYd) (width 0.05))
    (fp_line (start -1.8 -1.8) (end -1.8 11.95) (layer F.CrtYd) (width 0.05))
    (fp_line (start -1.27 -0.635) (end -0.635 -1.27) (layer F.Fab) (width 0.1))
    (fp_line (start -1.27 11.43) (end -1.27 -0.635) (layer F.Fab) (width 0.1))
    (fp_line (start 1.27 11.43) (end -1.27 11.43) (layer F.Fab) (width 0.1))
    (fp_line (start 1.27 -1.27) (end 1.27 11.43) (layer F.Fab) (width 0.1))
    (fp_line (start -0.635 -1.27) (end 1.27 -1.27) (layer F.Fab) (width 0.1))
    (pad 5 thru_hole roundrect (at 0 10.16) (size 2 2) (drill 1.2) (layers *.Cu *.Mask) (roundrect_rratio 0.1)
      (net 18 "Net-(J2-Pad5)"))
    (pad 4 thru_hole roundrect (at 0 7.62) (size 2 2) (drill 1.2) (layers *.Cu *.Mask) (roundrect_rratio 0.1)
      (net 13 /RTN))
    (pad 3 thru_hole roundrect (at 0 5.08) (size 2 2) (drill 1.2) (layers *.Cu *.Mask) (roundrect_rratio 0.1)
      (net 14 /OUT))
    (pad 2 thru_hole roundrect (at 0 2.54) (size 2 2) (drill 1.2) (layers *.Cu *.Mask) (roundrect_rratio 0.1)
      (net 17 "Net-(J2-Pad2)"))
    (pad 1 thru_hole roundrect (at 0 0) (size 2 2) (drill 1.2) (layers *.Cu *.Mask) (roundrect_rratio 0.1)
      (net 1 GND))
    (model ${KISYS3DMOD}/Connector_PinHeader_2.54mm.3dshapes/PinHeader_1x05_P2.54mm_Vertical.wrl
      (offset (xyz 0 0 2.7))
      (scale (xyz 1 1 1))
      (rotate (xyz 180 0 180))
    )
  )

  (module Connector_PinHeader_2.54mm:PinHeader_1x05_P2.54mm_Vertical (layer F.Cu) (tedit 5C5BFC35) (tstamp 5C66C674)
    (at 149.86 99.06)
    (descr "Through hole straight pin header, 1x05, 2.54mm pitch, single row")
    (tags "Through hole pin header THT 1x05 2.54mm single row")
    (path /5C6092C3)
    (fp_text reference J1 (at 0 -2.33) (layer F.SilkS) hide
      (effects (font (size 1 1) (thickness 0.15)))
    )
    (fp_text value PinHeader_1x05_P2.54mm_Vertical_Bottom (at 0 12.49) (layer F.Fab) hide
      (effects (font (size 0.5 0.5) (thickness 0.05)))
    )
    (fp_line (start -0.635 -1.27) (end 1.27 -1.27) (layer F.Fab) (width 0.1))
    (fp_line (start 1.27 -1.27) (end 1.27 11.43) (layer F.Fab) (width 0.1))
    (fp_line (start 1.27 11.43) (end -1.27 11.43) (layer F.Fab) (width 0.1))
    (fp_line (start -1.27 11.43) (end -1.27 -0.635) (layer F.Fab) (width 0.1))
    (fp_line (start -1.27 -0.635) (end -0.635 -1.27) (layer F.Fab) (width 0.1))
    (fp_line (start -1.8 -1.8) (end -1.8 11.95) (layer F.CrtYd) (width 0.05))
    (fp_line (start -1.8 11.95) (end 1.8 11.95) (layer F.CrtYd) (width 0.05))
    (fp_line (start 1.8 11.95) (end 1.8 -1.8) (layer F.CrtYd) (width 0.05))
    (fp_line (start 1.8 -1.8) (end -1.8 -1.8) (layer F.CrtYd) (width 0.05))
    (fp_text user %R (at 0 5.08 90) (layer F.Fab)
      (effects (font (size 1 1) (thickness 0.15)))
    )
    (pad 1 thru_hole roundrect (at 0 0) (size 2 2) (drill 1.2) (layers *.Cu *.Mask) (roundrect_rratio 0.1)
      (net 16 /CAP_-))
    (pad 2 thru_hole roundrect (at 0 2.54) (size 2 2) (drill 1.2) (layers *.Cu *.Mask) (roundrect_rratio 0.1)
      (net 1 GND))
    (pad 3 thru_hole roundrect (at 0 5.08) (size 2 2) (drill 1.2) (layers *.Cu *.Mask) (roundrect_rratio 0.1)
      (net 12 /SND))
    (pad 4 thru_hole roundrect (at 0 7.62) (size 2 2) (drill 1.2) (layers *.Cu *.Mask) (roundrect_rratio 0.1)
      (net 11 /IN))
    (pad 5 thru_hole roundrect (at 0 10.16) (size 2 2) (drill 1.2) (layers *.Cu *.Mask) (roundrect_rratio 0.1)
      (net 19 "Net-(J1-Pad5)"))
    (model ${KISYS3DMOD}/Connector_PinHeader_2.54mm.3dshapes/PinHeader_1x05_P2.54mm_Vertical.wrl
      (offset (xyz 0 0 2.7))
      (scale (xyz 1 1 1))
      (rotate (xyz 180 0 180))
    )
  )

  (module SA_Capacitors_SMD:C_0603_1608M (layer B.Cu) (tedit 5C5BFB85) (tstamp 5C64D9DE)
    (at 153.035 106.68 90)
    (path /5C5F3E11)
    (attr smd)
    (fp_text reference C2 (at 0 1.1 90) (layer B.SilkS) hide
      (effects (font (size 0.6 0.6) (thickness 0.127)) (justify mirror))
    )
    (fp_text value C (at 0 -1 90) (layer B.Fab)
      (effects (font (size 0.3 0.3) (thickness 0.03)) (justify mirror))
    )
    (fp_text user %R (at 0 0 90) (layer B.Fab)
      (effects (font (size 0.4 0.4) (thickness 0.05)) (justify mirror))
    )
    (fp_line (start 1.48 -0.73) (end -1.48 -0.73) (layer B.CrtYd) (width 0.05))
    (fp_line (start 1.48 0.73) (end 1.48 -0.73) (layer B.CrtYd) (width 0.05))
    (fp_line (start -1.48 0.73) (end 1.48 0.73) (layer B.CrtYd) (width 0.05))
    (fp_line (start -1.48 -0.73) (end -1.48 0.73) (layer B.CrtYd) (width 0.05))
    (fp_line (start -0.162779 -0.51) (end 0.162779 -0.51) (layer B.SilkS) (width 0.12))
    (fp_line (start -0.162779 0.51) (end 0.162779 0.51) (layer B.SilkS) (width 0.12))
    (fp_line (start 0.8 -0.4) (end -0.8 -0.4) (layer B.Fab) (width 0.1))
    (fp_line (start 0.8 0.4) (end 0.8 -0.4) (layer B.Fab) (width 0.1))
    (fp_line (start -0.8 0.4) (end 0.8 0.4) (layer B.Fab) (width 0.1))
    (fp_line (start -0.8 -0.4) (end -0.8 0.4) (layer B.Fab) (width 0.1))
    (pad 2 smd roundrect (at 0.7875 0 90) (size 0.875 0.95) (layers B.Cu B.Paste B.Mask) (roundrect_rratio 0.25)
      (net 1 GND))
    (pad 1 smd roundrect (at -0.7875 0 90) (size 0.875 0.95) (layers B.Cu B.Paste B.Mask) (roundrect_rratio 0.25)
      (net 7 /SW_1))
    (model ${SA_LIB_3DSHAPES}/Packages/C_0603_1608Metric.step
      (at (xyz 0 0 0))
      (scale (xyz 1 1 1))
      (rotate (xyz 0 0 0))
    )
  )

  (module SA_Capacitors_SMD:C_0603_1608M (layer B.Cu) (tedit 5C5BFB8C) (tstamp 5C64D9CD)
    (at 159.385 106.68 90)
    (path /5C5F3DCA)
    (attr smd)
    (fp_text reference C1 (at 0 1.1 90) (layer B.SilkS) hide
      (effects (font (size 0.6 0.6) (thickness 0.127)) (justify mirror))
    )
    (fp_text value C (at 0 -1 90) (layer B.Fab)
      (effects (font (size 0.3 0.3) (thickness 0.03)) (justify mirror))
    )
    (fp_line (start -0.8 -0.4) (end -0.8 0.4) (layer B.Fab) (width 0.1))
    (fp_line (start -0.8 0.4) (end 0.8 0.4) (layer B.Fab) (width 0.1))
    (fp_line (start 0.8 0.4) (end 0.8 -0.4) (layer B.Fab) (width 0.1))
    (fp_line (start 0.8 -0.4) (end -0.8 -0.4) (layer B.Fab) (width 0.1))
    (fp_line (start -0.162779 0.51) (end 0.162779 0.51) (layer B.SilkS) (width 0.12))
    (fp_line (start -0.162779 -0.51) (end 0.162779 -0.51) (layer B.SilkS) (width 0.12))
    (fp_line (start -1.48 -0.73) (end -1.48 0.73) (layer B.CrtYd) (width 0.05))
    (fp_line (start -1.48 0.73) (end 1.48 0.73) (layer B.CrtYd) (width 0.05))
    (fp_line (start 1.48 0.73) (end 1.48 -0.73) (layer B.CrtYd) (width 0.05))
    (fp_line (start 1.48 -0.73) (end -1.48 -0.73) (layer B.CrtYd) (width 0.05))
    (fp_text user %R (at 0 0 90) (layer B.Fab)
      (effects (font (size 0.4 0.4) (thickness 0.05)) (justify mirror))
    )
    (pad 1 smd roundrect (at -0.7875 0 90) (size 0.875 0.95) (layers B.Cu B.Paste B.Mask) (roundrect_rratio 0.25)
      (net 5 /SW_2))
    (pad 2 smd roundrect (at 0.7875 0 90) (size 0.875 0.95) (layers B.Cu B.Paste B.Mask) (roundrect_rratio 0.25)
      (net 1 GND))
    (model ${SA_LIB_3DSHAPES}/Packages/C_0603_1608Metric.step
      (at (xyz 0 0 0))
      (scale (xyz 1 1 1))
      (rotate (xyz 0 0 0))
    )
  )

  (module SA_Connectors_Wire:Wire_Pad_2x_1.0mm_Hole_1.5_Annular (layer F.Cu) (tedit 5C5C0612) (tstamp 5C64D984)
    (at 162.56 90.17 90)
    (path /5C5ED007)
    (fp_text reference D1 (at 0 0.5 90) (layer F.SilkS) hide
      (effects (font (size 0.5 0.5) (thickness 0.05)))
    )
    (fp_text value LED_INDICATOR (at 0 -0.5 90) (layer F.Fab) hide
      (effects (font (size 0.5 0.5) (thickness 0.05)))
    )
    (pad 1 thru_hole roundrect (at -1.27 0 90) (size 2 2) (drill 1.2) (layers *.Cu *.Mask) (roundrect_rratio 0.1)
      (net 10 /LED_-))
    (pad 2 thru_hole roundrect (at 1.27 0 90) (size 2 2) (drill 1.2) (layers *.Cu *.Mask) (roundrect_rratio 0.1)
      (net 9 +9.0VDC))
  )

  (module SA_Diodes_SMD:ON_Semi_1N4148WS_SOD-323F-2 (layer B.Cu) (tedit 5C5BFBBA) (tstamp 5C64D978)
    (at 156.21 93.98 180)
    (path /5C5EEFCA)
    (attr smd)
    (fp_text reference D2 (at 0 1.3 180) (layer B.SilkS) hide
      (effects (font (size 0.6 0.6) (thickness 0.127)) (justify mirror))
    )
    (fp_text value ON_Semi_1N4148WS (at 0 -1.15 180) (layer B.Fab)
      (effects (font (size 0.3 0.3) (thickness 0.03)) (justify mirror))
    )
    (fp_line (start 0.85 0.625) (end -0.85 0.625) (layer B.Fab) (width 0.1))
    (fp_line (start 0.85 -0.625) (end 0.85 0.625) (layer B.Fab) (width 0.1))
    (fp_line (start -0.85 -0.625) (end 0.85 -0.625) (layer B.Fab) (width 0.1))
    (fp_line (start -0.85 0.625) (end -0.85 -0.625) (layer B.Fab) (width 0.1))
    (fp_line (start -1.6 0.75) (end 1.6 0.75) (layer B.SilkS) (width 0.12))
    (fp_line (start -1.6 -0.75) (end 1.6 -0.75) (layer B.SilkS) (width 0.12))
    (fp_line (start -1.7 0.9) (end -1.7 -0.9) (layer B.CrtYd) (width 0.05))
    (fp_line (start -1.7 -0.9) (end 1.7 -0.9) (layer B.CrtYd) (width 0.05))
    (fp_line (start 1.7 0.9) (end 1.7 -0.9) (layer B.CrtYd) (width 0.05))
    (fp_line (start -1.7 0.9) (end 1.7 0.9) (layer B.CrtYd) (width 0.05))
    (fp_line (start -0.6375 0.6) (end -0.6375 -0.6) (layer B.Fab) (width 0.1))
    (fp_line (start -1.6 0.75) (end -1.6 -0.75) (layer B.SilkS) (width 0.12))
    (fp_text user %R (at 0 0) (layer B.Fab)
      (effects (font (size 0.4 0.4) (thickness 0.05)) (justify mirror))
    )
    (pad 2 smd roundrect (at 1.1 0 180) (size 0.75 0.75) (layers B.Cu B.Paste B.Mask) (roundrect_rratio 0.25)
      (net 3 "Net-(D2-Pad2)"))
    (pad 1 smd roundrect (at -1.1 0 180) (size 0.75 0.75) (layers B.Cu B.Paste B.Mask) (roundrect_rratio 0.25)
      (net 15 "Net-(C3-Pad1)"))
    (model ${SA_LIB_3DSHAPES}/ON_Semi_1N4148WS_SOD-323F-2/ON_Semi_1N4148WS_SOD-323F-2.step
      (at (xyz 0 0 0))
      (scale (xyz 1 1 1))
      (rotate (xyz 0 0 0))
    )
  )

  (module SA_Resistors_SMD:R_0603_1608M (layer B.Cu) (tedit 5C5BFBB5) (tstamp 5C64D965)
    (at 159.385 99.06 270)
    (path /5C5EF1F0)
    (attr smd)
    (fp_text reference R6 (at 0 1.1 270) (layer B.SilkS) hide
      (effects (font (size 0.6 0.6) (thickness 0.127)) (justify mirror))
    )
    (fp_text value 47R (at 0 -0.95 270) (layer B.Fab)
      (effects (font (size 0.3 0.3) (thickness 0.03)) (justify mirror))
    )
    (fp_text user %R (at 0 0 270) (layer B.Fab)
      (effects (font (size 0.4 0.4) (thickness 0.05)) (justify mirror))
    )
    (fp_line (start 1.48 -0.73) (end -1.48 -0.73) (layer B.CrtYd) (width 0.05))
    (fp_line (start 1.48 0.73) (end 1.48 -0.73) (layer B.CrtYd) (width 0.05))
    (fp_line (start -1.48 0.73) (end 1.48 0.73) (layer B.CrtYd) (width 0.05))
    (fp_line (start -1.48 -0.73) (end -1.48 0.73) (layer B.CrtYd) (width 0.05))
    (fp_line (start -0.162779 -0.51) (end 0.162779 -0.51) (layer B.SilkS) (width 0.12))
    (fp_line (start -0.162779 0.51) (end 0.162779 0.51) (layer B.SilkS) (width 0.12))
    (fp_line (start 0.8 -0.4) (end -0.8 -0.4) (layer B.Fab) (width 0.1))
    (fp_line (start 0.8 0.4) (end 0.8 -0.4) (layer B.Fab) (width 0.1))
    (fp_line (start -0.8 0.4) (end 0.8 0.4) (layer B.Fab) (width 0.1))
    (fp_line (start -0.8 -0.4) (end -0.8 0.4) (layer B.Fab) (width 0.1))
    (pad 2 smd roundrect (at 0.7875 0 270) (size 0.875 0.95) (layers B.Cu B.Paste B.Mask) (roundrect_rratio 0.25)
      (net 4 "Net-(Q1-Pad6)"))
    (pad 1 smd roundrect (at -0.7875 0 270) (size 0.875 0.95) (layers B.Cu B.Paste B.Mask) (roundrect_rratio 0.25)
      (net 15 "Net-(C3-Pad1)"))
    (model ${SA_LIB_3DSHAPES}/Packages/R_0603_1608Metric.step
      (at (xyz 0 0 0))
      (scale (xyz 1 1 1))
      (rotate (xyz 0 0 0))
    )
  )

  (module SA_Resistors_SMD:R_0603_1608M (layer B.Cu) (tedit 5C5BFB95) (tstamp 5C5E4B75)
    (at 153.035 99.06 270)
    (path /5C5EF27A)
    (attr smd)
    (fp_text reference R5 (at 0 1.1 270) (layer B.SilkS) hide
      (effects (font (size 0.6 0.6) (thickness 0.127)) (justify mirror))
    )
    (fp_text value 15k (at 0 -0.95 270) (layer B.Fab)
      (effects (font (size 0.3 0.3) (thickness 0.03)) (justify mirror))
    )
    (fp_line (start -0.8 -0.4) (end -0.8 0.4) (layer B.Fab) (width 0.1))
    (fp_line (start -0.8 0.4) (end 0.8 0.4) (layer B.Fab) (width 0.1))
    (fp_line (start 0.8 0.4) (end 0.8 -0.4) (layer B.Fab) (width 0.1))
    (fp_line (start 0.8 -0.4) (end -0.8 -0.4) (layer B.Fab) (width 0.1))
    (fp_line (start -0.162779 0.51) (end 0.162779 0.51) (layer B.SilkS) (width 0.12))
    (fp_line (start -0.162779 -0.51) (end 0.162779 -0.51) (layer B.SilkS) (width 0.12))
    (fp_line (start -1.48 -0.73) (end -1.48 0.73) (layer B.CrtYd) (width 0.05))
    (fp_line (start -1.48 0.73) (end 1.48 0.73) (layer B.CrtYd) (width 0.05))
    (fp_line (start 1.48 0.73) (end 1.48 -0.73) (layer B.CrtYd) (width 0.05))
    (fp_line (start 1.48 -0.73) (end -1.48 -0.73) (layer B.CrtYd) (width 0.05))
    (fp_text user %R (at 0 0 270) (layer B.Fab)
      (effects (font (size 0.4 0.4) (thickness 0.05)) (justify mirror))
    )
    (pad 1 smd roundrect (at -0.7875 0 270) (size 0.875 0.95) (layers B.Cu B.Paste B.Mask) (roundrect_rratio 0.25)
      (net 2 "Net-(Q1-Pad2)"))
    (pad 2 smd roundrect (at 0.7875 0 270) (size 0.875 0.95) (layers B.Cu B.Paste B.Mask) (roundrect_rratio 0.25)
      (net 1 GND))
    (model ${SA_LIB_3DSHAPES}/Packages/R_0603_1608Metric.step
      (at (xyz 0 0 0))
      (scale (xyz 1 1 1))
      (rotate (xyz 0 0 0))
    )
  )

  (module SA_Resistors_SMD:R_0603_1608M (layer B.Cu) (tedit 5C5BFB9B) (tstamp 5C64D943)
    (at 153.035 94.7675 270)
    (path /5C5EF2E0)
    (attr smd)
    (fp_text reference R4 (at 0 1.1 270) (layer B.SilkS) hide
      (effects (font (size 0.6 0.6) (thickness 0.127)) (justify mirror))
    )
    (fp_text value 150k (at 0 -0.95 270) (layer B.Fab)
      (effects (font (size 0.3 0.3) (thickness 0.03)) (justify mirror))
    )
    (fp_text user %R (at 0 0 270) (layer B.Fab)
      (effects (font (size 0.4 0.4) (thickness 0.05)) (justify mirror))
    )
    (fp_line (start 1.48 -0.73) (end -1.48 -0.73) (layer B.CrtYd) (width 0.05))
    (fp_line (start 1.48 0.73) (end 1.48 -0.73) (layer B.CrtYd) (width 0.05))
    (fp_line (start -1.48 0.73) (end 1.48 0.73) (layer B.CrtYd) (width 0.05))
    (fp_line (start -1.48 -0.73) (end -1.48 0.73) (layer B.CrtYd) (width 0.05))
    (fp_line (start -0.162779 -0.51) (end 0.162779 -0.51) (layer B.SilkS) (width 0.12))
    (fp_line (start -0.162779 0.51) (end 0.162779 0.51) (layer B.SilkS) (width 0.12))
    (fp_line (start 0.8 -0.4) (end -0.8 -0.4) (layer B.Fab) (width 0.1))
    (fp_line (start 0.8 0.4) (end 0.8 -0.4) (layer B.Fab) (width 0.1))
    (fp_line (start -0.8 0.4) (end 0.8 0.4) (layer B.Fab) (width 0.1))
    (fp_line (start -0.8 -0.4) (end -0.8 0.4) (layer B.Fab) (width 0.1))
    (pad 2 smd roundrect (at 0.7875 0 270) (size 0.875 0.95) (layers B.Cu B.Paste B.Mask) (roundrect_rratio 0.25)
      (net 1 GND))
    (pad 1 smd roundrect (at -0.7875 0 270) (size 0.875 0.95) (layers B.Cu B.Paste B.Mask) (roundrect_rratio 0.25)
      (net 3 "Net-(D2-Pad2)"))
    (model ${SA_LIB_3DSHAPES}/Packages/R_0603_1608Metric.step
      (at (xyz 0 0 0))
      (scale (xyz 1 1 1))
      (rotate (xyz 0 0 0))
    )
  )

  (module SA_Resistors_SMD:R_0603_1608M (layer B.Cu) (tedit 5C5BFBA1) (tstamp 5C5EBD3D)
    (at 159.385 94.615 270)
    (path /5C5ECED9)
    (attr smd)
    (fp_text reference R3 (at 0 1.1 270) (layer B.SilkS) hide
      (effects (font (size 0.6 0.6) (thickness 0.127)) (justify mirror))
    )
    (fp_text value CLR (at 0 -0.95 270) (layer B.Fab)
      (effects (font (size 0.3 0.3) (thickness 0.03)) (justify mirror))
    )
    (fp_line (start -0.8 -0.4) (end -0.8 0.4) (layer B.Fab) (width 0.1))
    (fp_line (start -0.8 0.4) (end 0.8 0.4) (layer B.Fab) (width 0.1))
    (fp_line (start 0.8 0.4) (end 0.8 -0.4) (layer B.Fab) (width 0.1))
    (fp_line (start 0.8 -0.4) (end -0.8 -0.4) (layer B.Fab) (width 0.1))
    (fp_line (start -0.162779 0.51) (end 0.162779 0.51) (layer B.SilkS) (width 0.12))
    (fp_line (start -0.162779 -0.51) (end 0.162779 -0.51) (layer B.SilkS) (width 0.12))
    (fp_line (start -1.48 -0.73) (end -1.48 0.73) (layer B.CrtYd) (width 0.05))
    (fp_line (start -1.48 0.73) (end 1.48 0.73) (layer B.CrtYd) (width 0.05))
    (fp_line (start 1.48 0.73) (end 1.48 -0.73) (layer B.CrtYd) (width 0.05))
    (fp_line (start 1.48 -0.73) (end -1.48 -0.73) (layer B.CrtYd) (width 0.05))
    (fp_text user %R (at 0 0 270) (layer B.Fab)
      (effects (font (size 0.4 0.4) (thickness 0.05)) (justify mirror))
    )
    (pad 1 smd roundrect (at -0.7875 0 270) (size 0.875 0.95) (layers B.Cu B.Paste B.Mask) (roundrect_rratio 0.25)
      (net 10 /LED_-))
    (pad 2 smd roundrect (at 0.7875 0 270) (size 0.875 0.95) (layers B.Cu B.Paste B.Mask) (roundrect_rratio 0.25)
      (net 6 "Net-(R1-Pad2)"))
    (model ${SA_LIB_3DSHAPES}/Packages/R_0603_1608Metric.step
      (at (xyz 0 0 0))
      (scale (xyz 1 1 1))
      (rotate (xyz 0 0 0))
    )
  )

  (module SA_Resistors_SMD:R_0603_1608M (layer B.Cu) (tedit 5C5BFB91) (tstamp 5C64D921)
    (at 156.21 102.87 270)
    (path /5C5ECB76)
    (attr smd)
    (fp_text reference R2 (at 0 1.1 270) (layer B.SilkS) hide
      (effects (font (size 0.6 0.6) (thickness 0.127)) (justify mirror))
    )
    (fp_text value 100k (at 0 -0.95 270) (layer B.Fab)
      (effects (font (size 0.3 0.3) (thickness 0.03)) (justify mirror))
    )
    (fp_text user %R (at 0 0 270) (layer B.Fab)
      (effects (font (size 0.4 0.4) (thickness 0.05)) (justify mirror))
    )
    (fp_line (start 1.48 -0.73) (end -1.48 -0.73) (layer B.CrtYd) (width 0.05))
    (fp_line (start 1.48 0.73) (end 1.48 -0.73) (layer B.CrtYd) (width 0.05))
    (fp_line (start -1.48 0.73) (end 1.48 0.73) (layer B.CrtYd) (width 0.05))
    (fp_line (start -1.48 -0.73) (end -1.48 0.73) (layer B.CrtYd) (width 0.05))
    (fp_line (start -0.162779 -0.51) (end 0.162779 -0.51) (layer B.SilkS) (width 0.12))
    (fp_line (start -0.162779 0.51) (end 0.162779 0.51) (layer B.SilkS) (width 0.12))
    (fp_line (start 0.8 -0.4) (end -0.8 -0.4) (layer B.Fab) (width 0.1))
    (fp_line (start 0.8 0.4) (end 0.8 -0.4) (layer B.Fab) (width 0.1))
    (fp_line (start -0.8 0.4) (end 0.8 0.4) (layer B.Fab) (width 0.1))
    (fp_line (start -0.8 -0.4) (end -0.8 0.4) (layer B.Fab) (width 0.1))
    (pad 2 smd roundrect (at 0.7875 0 270) (size 0.875 0.95) (layers B.Cu B.Paste B.Mask) (roundrect_rratio 0.25)
      (net 7 /SW_1))
    (pad 1 smd roundrect (at -0.7875 0 270) (size 0.875 0.95) (layers B.Cu B.Paste B.Mask) (roundrect_rratio 0.25)
      (net 8 "Net-(R2-Pad1)"))
    (model ${SA_LIB_3DSHAPES}/Packages/R_0603_1608Metric.step
      (at (xyz 0 0 0))
      (scale (xyz 1 1 1))
      (rotate (xyz 0 0 0))
    )
  )

  (module SA_Resistors_SMD:R_0603_1608M (layer B.Cu) (tedit 5C5BFBAC) (tstamp 5C64D910)
    (at 159.385 102.87 90)
    (path /5C5ECADE)
    (attr smd)
    (fp_text reference R1 (at 0 1.1 90) (layer B.SilkS) hide
      (effects (font (size 0.6 0.6) (thickness 0.127)) (justify mirror))
    )
    (fp_text value 100k (at 0 -0.95 90) (layer B.Fab)
      (effects (font (size 0.3 0.3) (thickness 0.03)) (justify mirror))
